y_true: [1, 0, 0, 0, 0, 1, 0, 1, 0, 0, 1, 0, 0, 1, 1, 0, 0, 1, 0, 0, 0, 0, 0, 1, 0, 0, 0, 0, 0, 1, 0, 1, 0, 1, 0, 0, 0, 0, 0, 0, 0, 0, 0, 0, 0, 0, 0, 0, 1, 0, 1, 1, 1, 0, 1, 0, 0, 0, 0, 0, 1, 0, 0, 1]
y_score: [0.9968013763427734, 0.18992877006530762, 0.5640948414802551, 0.13258019089698792, 0.8386125564575195, 0.7782652378082275, 0.12603946030139923, 0.9726493954658508, 0.5224642157554626, 0.21917328238487244, 0.9142633676528931, 0.8823562860488892, 0.6620782017707825, 0.8609105944633484, 0.9981312155723572, 0.7502956986427307, 0.10120280086994171, 0.9820685982704163, 0.061602883040905, 0.1833750307559967, 0.3415338397026062, 0.2359321564435959, 0.3536096215248108, 0.9921755194664001, 0.1360311508178711, 0.7229462265968323, 0.9502025842666626, 0.7083637118339539, 0.020246721804142, 0.9892080426216125, 0.2911359965801239, 0.9934539794921875, 0.43987858295440674, 0.9841402769088745, 0.6483656764030457, 0.029594318941235542, 0.5695170760154724, 0.4710004925727844, 0.04650140926241875, 0.7236894369125366, 0.12985360622406006, 0.05213348940014839, 0.9419040679931641, 0.5518273115158081, 0.6517043709754944, 0.08933783322572708, 0.779945969581604, 0.12981535494327545, 0.8638784885406494, 0.9159765839576721, 0.9987457990646362, 0.474433958530426, 0.7946306467056274, 0.35792651772499084, 0.9803123474121094, 0.44111543893814087, 0.1985449194908142, 0.04370195046067238, 0.9134950041770935, 0.5749253630638123, 0.9988143444061279, 0.4857563376426697, 0.39063990116119385, 0.9410467147827148]
AUC is: 0.9420289855072463
y_true: [1, 0, 0, 1, 1, 1, 0, 0, 1, 1, 0, 1, 0, 0, 0, 0, 1, 0, 0, 1, 0, 1, 0, 0, 0, 0, 1, 1, 0, 1, 0, 1, 1, 0, 1, 1, 0, 0, 0, 1, 0, 0, 0, 1, 0, 1, 1, 0, 0, 1, 0, 0, 0, 0, 1, 1, 0, 0, 0, 0, 1, 0, 1, 1]
y_score: [0.9675920605659485, 0.4545109272003174, 0.9182050824165344, 0.9171263575553894, 0.9946359992027283, 0.9822728037834167, 0.13401848077774048, 0.1856870800256729, 0.9933078289031982, 0.8802350163459778, 0.4577687084674835, 0.9977830052375793, 0.8739311099052429, 0.0479649193584919, 0.7585158348083496, 0.03391676023602486, 0.6332751512527466, 0.8728435039520264, 0.29082438349723816, 0.9767217636108398, 0.04444054141640663, 0.9213582873344421, 0.14604906737804413, 0.7278054356575012, 0.9673531651496887, 0.0394514836370945, 0.7173815965652466, 0.8686341047286987, 0.33826860785484314, 0.9648573994636536, 0.10675443708896637, 0.42197829484939575, 0.9816033840179443, 0.7386095523834229, 0.9280601143836975, 0.9300288558006287, 0.29584354162216187, 0.5224806666374207, 0.043403077870607376, 0.7607102990150452, 0.8902949094772339, 0.893685519695282, 0.18233105540275574, 0.99226975440979, 0.07187756150960922, 0.9788212776184082, 0.5271973609924316, 0.6295191049575806, 0.907337486743927, 0.9871986508369446, 0.7500362396240234, 0.10492207854986191, 0.057762060314416885, 0.5015687942504883, 0.9811617136001587, 0.9386974573135376, 0.6257649660110474, 0.06161097437143326, 0.41347286105155945, 0.08108649402856827, 0.9978335499763489, 0.8879803419113159, 0.9302276968955994, 0.9491196274757385]
AUC is: 0.9129129129129129
y_true: [0, 0, 0, 1, 1, 0, 0, 0, 0, 0, 0, 0, 0, 0, 0, 0, 0, 0, 0, 0, 0, 0, 1, 0, 0, 0, 1, 1, 1, 1, 0, 0, 1, 1, 0, 0, 0, 0, 1, 0, 0, 0, 0, 0, 0, 0, 0, 1, 0, 0, 1, 0, 0, 1, 0, 1, 0, 0, 0, 0, 0, 1, 0, 0]
y_score: [0.05121929571032524, 0.40332111716270447, 0.2186693549156189, 0.7098298072814941, 0.8817509412765503, 0.6672537922859192, 0.6206672191619873, 0.4578053951263428, 0.03262265399098396, 0.751544713973999, 0.8611066341400146, 0.18985265493392944, 0.6621800661087036, 0.01534212101250887, 0.7795029282569885, 0.11060252785682678, 0.14790770411491394, 0.6288720369338989, 0.20511199533939362, 0.2012689858675003, 0.37309911847114563, 0.35317087173461914, 0.9396378993988037, 0.5467172861099243, 0.8238933682441711, 0.32249540090560913, 0.8922615647315979, 0.6457343697547913, 0.8592789769172668, 0.7352296113967896, 0.7603801488876343, 0.2545117735862732, 0.5296785831451416, 0.5482522249221802, 0.6877341270446777, 0.6220530867576599, 0.8316767811775208, 0.20560134947299957, 0.9187043905258179, 0.88150954246521, 0.7070398330688477, 0.06841830909252167, 0.5840640068054199, 0.5246765613555908, 0.3148716390132904, 0.035873182117938995, 0.7229223847389221, 0.9815124273300171, 0.8295387625694275, 0.0703069269657135, 0.8989604115486145, 0.2561902701854706, 0.8690847158432007, 0.933857262134552, 0.9447103142738342, 0.9621907472610474, 0.6757310032844543, 0.7858545780181885, 0.2197950780391693, 0.9754033088684082, 0.5516307950019836, 0.9934271574020386, 0.3974144756793976, 0.6792795658111572]
AUC is: 0.8489795918367347
y_true: [1, 0, 1, 0, 1, 0, 0, 1, 1, 1, 1, 0, 0, 0, 0, 1, 1, 1, 0, 0, 0, 0, 0, 0, 0, 1, 0, 1, 1, 0, 1, 0, 0, 1, 0, 1, 1, 1, 1, 1, 0, 0, 0, 1, 1, 0, 1, 0, 0, 1, 1, 0, 1, 0, 0, 0, 0, 1, 0, 1, 0, 0, 0, 0]
y_score: [0.9961955547332764, 0.7536176443099976, 0.968685507774353, 0.2727294862270355, 0.9913820624351501, 0.3715323209762573, 0.6304945945739746, 0.6396684050559998, 0.9970026612281799, 0.9913434982299805, 0.9132565855979919, 0.6412737965583801, 0.026603078469634056, 0.12034332752227783, 0.6082593202590942, 0.6480582356452942, 0.8066409230232239, 0.8952641487121582, 0.5667288899421692, 0.6497133374214172, 0.5062656402587891, 0.022297803312540054, 0.24849215149879456, 0.19143249094486237, 0.7098894715309143, 0.8887502551078796, 0.5390927195549011, 0.9975836277008057, 0.9919934272766113, 0.5046156048774719, 0.5062736868858337, 0.17801517248153687, 0.46083560585975647, 0.8822668194770813, 0.8353478908538818, 0.9983069896697998, 0.9970018267631531, 0.8739557862281799, 0.5853052735328674, 0.6074701547622681, 0.6622330546379089, 0.9059444665908813, 0.4277538061141968, 0.9734750986099243, 0.9591236710548401, 0.4017361104488373, 0.9842536449432373, 0.49891397356987, 0.1167936846613884, 0.8283591270446777, 0.9329209923744202, 0.8467855453491211, 0.8290852904319763, 0.3574923276901245, 0.09369836747646332, 0.21078389883041382, 0.3663180470466614, 0.5495180487632751, 0.1813144087791443, 0.8924689888954163, 0.2585391104221344, 0.859514057636261, 0.5304390788078308, 0.3356693685054779]
AUC is: 0.9186507936507937
y_true: [0, 0, 1, 0, 1, 0, 0, 0, 0, 1, 0, 0, 0, 0, 0, 0, 1, 0, 0, 0, 0, 1, 0, 1, 0, 0, 0, 0, 0, 1, 0, 0, 0, 0, 1, 1, 1, 0, 0, 0, 0, 1, 0, 0, 0, 0, 0, 0, 1, 0, 1, 1, 0, 0, 0, 0, 0, 0, 0, 0, 0, 0, 1, 0]
y_score: [0.6068431735038757, 0.15334220230579376, 0.8245964646339417, 0.12421046942472458, 0.9209138751029968, 0.7917674779891968, 0.8201569318771362, 0.7905170917510986, 0.24492862820625305, 0.9564432501792908, 0.6884548664093018, 0.5023784637451172, 0.5246956944465637, 0.48099589347839355, 0.41809138655662537, 0.4463478624820709, 0.9378543496131897, 0.11481332778930664, 0.8058803081512451, 0.4460238516330719, 0.30332833528518677, 0.975074052810669, 0.9860374331474304, 0.9582076668739319, 0.7870018482208252, 0.7394009232521057, 0.45532163977622986, 0.014342551119625568, 0.3543533682823181, 0.9858160018920898, 0.5388516187667847, 0.8491489291191101, 0.6705780625343323, 0.6472023725509644, 0.7236078381538391, 0.9945085644721985, 0.8143320083618164, 0.026692330837249756, 0.1086631491780281, 0.27434441447257996, 0.3894241154193878, 0.6150909662246704, 0.8555148243904114, 0.7740896344184875, 0.9849936962127686, 0.7655448913574219, 0.7280659675598145, 0.22652865946292877, 0.8370500802993774, 0.8029366731643677, 0.9774291515350342, 0.8623519539833069, 0.15961211919784546, 0.0540819950401783, 0.9842154383659363, 0.1710149645805359, 0.8096725940704346, 0.5841676592826843, 0.29761767387390137, 0.6636250019073486, 0.0614810474216938, 0.7072638869285583, 0.9973803162574768, 0.48506513237953186]
AUC is: 0.8979591836734693
y_true: [0, 1, 1, 0, 0, 0, 0, 0, 0, 1, 0, 0, 0, 1, 0, 1, 0, 1, 0, 0, 0, 0, 0, 0, 1, 0, 1, 0, 0, 0, 0, 0, 1, 1, 0, 1, 1, 1, 1, 0, 0, 0, 1, 0, 0, 0, 1, 0, 1, 1, 0, 0, 1, 1, 1, 0, 1, 0, 0, 0, 0, 0, 0, 0]
y_score: [0.775088369846344, 0.9107998013496399, 0.8546127676963806, 0.5579068660736084, 0.5310131907463074, 0.17663492262363434, 0.25621670484542847, 0.9824703335762024, 0.8687112927436829, 0.9938191771507263, 0.02645045705139637, 0.3073584735393524, 0.45564594864845276, 0.9882282614707947, 0.5187070965766907, 0.767490029335022, 0.03375759720802307, 0.8922547698020935, 0.6308202147483826, 0.07219579815864563, 0.4768911600112915, 0.12113455682992935, 0.02080390974879265, 0.16697095334529877, 0.9247903823852539, 0.5230991840362549, 0.9123150110244751, 0.7450925707817078, 0.28866758942604065, 0.6279790997505188, 0.818496584892273, 0.43443140387535095, 0.9972840547561646, 0.9898910522460938, 0.97248375415802, 0.9989374279975891, 0.7836048007011414, 0.993905246257782, 0.9783890843391418, 0.20616894960403442, 0.5431557893753052, 0.33693885803222656, 0.9663894176483154, 0.4921010136604309, 0.430812269449234, 0.1299910545349121, 0.9494144916534424, 0.1556137353181839, 0.8151620030403137, 0.8459505438804626, 0.09889701008796692, 0.8107784390449524, 0.8745058178901672, 0.9835264086723328, 0.94476318359375, 0.9602727890014648, 0.9966346621513367, 0.23879112303256989, 0.7972185611724854, 0.2886054813861847, 0.8369843363761902, 0.7421623468399048, 0.8845837116241455, 0.19342359900474548]
AUC is: 0.9339826839826839
y_true: [0, 0, 1, 0, 0, 0, 0, 0, 1, 0, 0, 1, 0, 0, 0, 0, 0, 0, 1, 1, 0, 1, 0, 1, 1, 0, 1, 0, 0, 0, 1, 1, 1, 0, 0, 0, 1, 1, 1, 0, 0, 0, 0, 1, 1, 1, 0, 0, 0, 0, 1, 0, 0, 0, 0, 0, 0, 1, 0, 0, 0, 0, 0, 0]
y_score: [0.11917744576931, 0.4764443039894104, 0.8689777255058289, 0.8806547522544861, 0.6478043794631958, 0.8989240527153015, 0.24577152729034424, 0.39571917057037354, 0.8839237689971924, 0.7547459006309509, 0.17853513360023499, 0.9817153215408325, 0.4951986074447632, 0.9743567109107971, 0.1345016211271286, 0.13526500761508942, 0.03129572421312332, 0.992906928062439, 0.9902375340461731, 0.7130519151687622, 0.9478636980056763, 0.9134830236434937, 0.909661591053009, 0.831928014755249, 0.9407424330711365, 0.08102215081453323, 0.8683556914329529, 0.40930354595184326, 0.0991659089922905, 0.294249564409256, 0.8030706644058228, 0.9449027180671692, 0.9981071949005127, 0.89090895652771, 0.3620840609073639, 0.424885630607605, 0.951558530330658, 0.8505160212516785, 0.9752489924430847, 0.12391738593578339, 0.5445305705070496, 0.14004911482334137, 0.656856894493103, 0.9987159967422485, 0.2187657207250595, 0.7983782887458801, 0.8385815620422363, 0.7547302842140198, 0.08364243805408478, 0.9426007270812988, 0.8671315312385559, 0.23764550685882568, 0.4045037627220154, 0.7208908796310425, 0.6595022678375244, 0.15756353735923767, 0.8336588740348816, 0.9628685712814331, 0.8896511793136597, 0.3167553246021271, 0.23445887863636017, 0.14589574933052063, 0.5604937672615051, 0.018801385536789894]
AUC is: 0.8409090909090908
y_true: [0, 0, 0, 1, 1, 1, 0, 0, 0, 1, 0, 1, 0, 0, 0, 0, 0, 0, 1, 0, 0, 0, 1, 1, 0, 0, 0, 0, 0, 0, 1, 1, 0, 1, 1, 0, 0, 1, 1, 0, 1, 0, 1, 1, 0, 0, 0, 0, 0, 0, 0, 0]
y_score: [0.06209464371204376, 0.6874905228614807, 0.6613585352897644, 0.6490110158920288, 0.8471274375915527, 0.9917656779289246, 0.5135310888290405, 0.41323959827423096, 0.9025352001190186, 0.7497633099555969, 0.8796309232711792, 0.47743573784828186, 0.20347905158996582, 0.3473511338233948, 0.042986173182725906, 0.043028488755226135, 0.05572749301791191, 0.8236575722694397, 0.47213059663772583, 0.05281997099518776, 0.9441813826560974, 0.28374195098876953, 0.3438242971897125, 0.8516786694526672, 0.521908700466156, 0.6190817356109619, 0.3564475476741791, 0.3041435778141022, 0.493277370929718, 0.21630218625068665, 0.9143502712249756, 0.8987323641777039, 0.7067287564277649, 0.1402226984500885, 0.989470362663269, 0.2974063456058502, 0.0450490340590477, 0.9975887537002563, 0.9597182273864746, 0.05519537255167961, 0.9054914116859436, 0.6587961912155151, 0.7500152587890625, 0.8515138626098633, 0.7008823156356812, 0.9433810114860535, 0.11018209159374237, 0.7858879566192627, 0.1274367868900299, 0.7700807452201843, 0.9439802765846252, 0.5513896346092224]
AUC is: 0.7697478991596639
