y_true: [1, 0, 0, 0, 0, 1, 0, 1, 0, 0, 1, 0, 0, 1, 1, 0, 0, 1, 0, 0, 0, 0, 0, 1, 0, 0, 0, 0, 0, 1, 0, 1, 0, 1, 0, 0, 0, 0, 0, 0, 0, 0, 0, 0, 0, 0, 0, 0, 1, 0, 1, 1, 1, 0, 1, 0, 0, 0, 0, 0, 1, 0, 0, 1]
y_score: [0.99988853931427, 0.09369871020317078, 0.6181076169013977, 0.21330401301383972, 0.7897374033927917, 0.964648425579071, 0.3651049733161926, 0.9997898936271667, 0.14411254227161407, 0.11262377351522446, 0.9997957348823547, 0.8216545581817627, 0.34132325649261475, 0.9973534345626831, 0.9997710585594177, 0.7064380049705505, 0.4340996742248535, 0.9998400211334229, 0.057824406772851944, 0.32682910561561584, 0.5681790709495544, 0.48129135370254517, 0.7113052010536194, 0.9994875192642212, 0.3878578543663025, 0.47486719489097595, 0.9600220322608948, 0.839731752872467, 0.06858126074075699, 0.9979389309883118, 0.11750197410583496, 0.9990231990814209, 0.22846029698848724, 0.9977009892463684, 0.9550371766090393, 0.12563170492649078, 0.8262823224067688, 0.9291377663612366, 0.22908957302570343, 0.9907441735267639, 0.3394715487957001, 0.14915965497493744, 0.858957827091217, 0.8156504034996033, 0.1969204992055893, 0.049287810921669006, 0.8910001516342163, 0.39274173974990845, 0.9994983673095703, 0.9871168732643127, 0.9997767806053162, 0.977667510509491, 0.9879206418991089, 0.8868498206138611, 0.9996728897094727, 0.8972805738449097, 0.6987705230712891, 0.30274903774261475, 0.9946879148483276, 0.2087756097316742, 0.9998722076416016, 0.13244538009166718, 0.1460743546485901, 0.9988806843757629]
AUC is: 0.9903381642512078
y_true: [1, 0, 0, 1, 1, 1, 0, 0, 1, 1, 0, 1, 0, 0, 0, 0, 1, 0, 0, 1, 0, 1, 0, 0, 0, 0, 1, 1, 0, 1, 0, 1, 1, 0, 1, 1, 0, 0, 0, 1, 0, 0, 0, 1, 0, 1, 1, 0, 0, 1, 0, 0, 0, 0, 1, 1, 0, 0, 0, 0, 1, 0, 1, 1]
y_score: [0.9969966411590576, 0.6031090617179871, 0.9671086072921753, 0.9978559613227844, 0.999897837638855, 0.999809205532074, 0.2640061378479004, 0.3454693853855133, 0.9999103546142578, 0.9857900738716125, 0.9296197891235352, 0.999982476234436, 0.9324221014976501, 0.051294174045324326, 0.7726287245750427, 0.07111959159374237, 0.9834977388381958, 0.9407311677932739, 0.9652260541915894, 0.9965139031410217, 0.11471985280513763, 0.9990699887275696, 0.09959787130355835, 0.36699536442756653, 0.9713672399520874, 0.33104801177978516, 0.911128580570221, 0.9996488094329834, 0.47761139273643494, 0.999004065990448, 0.18161757290363312, 0.9861141443252563, 0.9984647035598755, 0.9717147946357727, 0.9998891353607178, 0.9951372742652893, 0.9152481555938721, 0.8195388317108154, 0.2872077524662018, 0.9938080906867981, 0.9801294207572937, 0.9818072319030762, 0.36108511686325073, 0.9995928406715393, 0.0963945984840393, 0.9832503199577332, 0.9671886563301086, 0.12213496118783951, 0.9867903590202332, 0.9998910427093506, 0.8623594045639038, 0.46342986822128296, 0.40533560514450073, 0.6735281944274902, 0.9994814991950989, 0.9994445443153381, 0.5741966366767883, 0.05226875841617584, 0.8910715579986572, 0.1507108211517334, 0.9998736381530762, 0.6406548023223877, 0.9988611936569214, 0.9993314743041992]
AUC is: 0.97997997997998
y_true: [0, 0, 0, 1, 1, 0, 0, 0, 0, 0, 0, 0, 0, 0, 0, 0, 0, 0, 0, 0, 0, 0, 1, 0, 0, 0, 1, 1, 1, 1, 0, 0, 1, 1, 0, 0, 0, 0, 1, 0, 0, 0, 0, 0, 0, 0, 0, 1, 0, 0, 1, 0, 0, 1, 0, 1, 0, 0, 0, 0, 0, 1, 0, 0]
y_score: [0.48168015480041504, 0.36303186416625977, 0.6859968304634094, 0.9958462119102478, 0.9687018990516663, 0.9900218844413757, 0.7052976489067078, 0.7151833176612854, 0.05360618606209755, 0.7529915571212769, 0.3480200469493866, 0.6014800667762756, 0.9161812663078308, 0.06950719654560089, 0.7824662923812866, 0.43470892310142517, 0.10559718310832977, 0.6005069017410278, 0.8159346580505371, 0.326896995306015, 0.7228063941001892, 0.8186952471733093, 0.9965299963951111, 0.16196563839912415, 0.7680653929710388, 0.8032916188240051, 0.9431895613670349, 0.9955276846885681, 0.9963996410369873, 0.9977669715881348, 0.8870120644569397, 0.09441719949245453, 0.991070032119751, 0.9811305403709412, 0.4587331712245941, 0.7552569508552551, 0.5631423592567444, 0.2986578345298767, 0.9972518086433411, 0.6831108331680298, 0.49733981490135193, 0.5465148091316223, 0.9425168037414551, 0.6957331299781799, 0.7443817853927612, 0.054814133793115616, 0.9042835235595703, 0.9998459815979004, 0.8419622778892517, 0.27290812134742737, 0.9943910241127014, 0.6207337975502014, 0.9908554553985596, 0.9979547262191772, 0.9966074228286743, 0.9998980760574341, 0.88444983959198, 0.883834183216095, 0.8669992685317993, 0.9983780384063721, 0.6695707440376282, 0.9997208714485168, 0.9300486445426941, 0.9215180277824402]
AUC is: 0.963265306122449
y_true: [1, 0, 1, 0, 1, 0, 0, 1, 1, 1, 1, 0, 0, 0, 0, 1, 1, 1, 0, 0, 0, 0, 0, 0, 0, 1, 0, 1, 1, 0, 1, 0, 0, 1, 0, 1, 1, 1, 1, 1, 0, 0, 0, 1, 1, 0, 1, 0, 0, 1, 1, 0, 1, 0, 0, 0, 0, 1, 0, 1, 0, 0, 0, 0]
y_score: [0.999907374382019, 0.31551486253738403, 0.9982426166534424, 0.7412372827529907, 0.9994329810142517, 0.33591392636299133, 0.743128776550293, 0.9961284399032593, 0.9999892711639404, 0.9960247278213501, 0.9990656971931458, 0.46738338470458984, 0.19673040509223938, 0.60834801197052, 0.8235001564025879, 0.9840434193611145, 0.9950167536735535, 0.9875929951667786, 0.5888038873672485, 0.4585617780685425, 0.12322978675365448, 0.09119781851768494, 0.9120400547981262, 0.27953943610191345, 0.9893894791603088, 0.9998247027397156, 0.7749715447425842, 0.9998685121536255, 0.9976481795310974, 0.5965365171432495, 0.9737300872802734, 0.5736432671546936, 0.17852723598480225, 0.99650639295578, 0.9503150582313538, 0.9999687671661377, 0.9999374151229858, 0.9898396730422974, 0.9500546455383301, 0.9813410043716431, 0.41928961873054504, 0.6231329441070557, 0.3068487048149109, 0.9997956156730652, 0.9992332458496094, 0.8104590773582458, 0.9993506073951721, 0.848301887512207, 0.16757424175739288, 0.9986419081687927, 0.9907151460647583, 0.9537293910980225, 0.9845802783966064, 0.43949252367019653, 0.23577138781547546, 0.20287162065505981, 0.3481748402118683, 0.9472068548202515, 0.10168813914060593, 0.9984179735183716, 0.8198362588882446, 0.5550675392150879, 0.8663443326950073, 0.09609014540910721]
AUC is: 0.9890873015873015
y_true: [0, 0, 1, 0, 1, 0, 0, 0, 0, 1, 0, 0, 0, 0, 0, 0, 1, 0, 0, 0, 0, 1, 0, 1, 0, 0, 0, 0, 0, 1, 0, 0, 0, 0, 1, 1, 1, 0, 0, 0, 0, 1, 0, 0, 0, 0, 0, 0, 1, 0, 1, 1, 0, 0, 0, 0, 0, 0, 0, 0, 0, 0, 1, 0]
y_score: [0.1548098772764206, 0.3210035562515259, 0.9923855066299438, 0.3120437562465668, 0.9876759052276611, 0.8798926472663879, 0.9400995373725891, 0.19224053621292114, 0.12937062978744507, 0.9987773299217224, 0.9862501621246338, 0.2982955574989319, 0.6641566753387451, 0.6290923357009888, 0.8659587502479553, 0.09840844571590424, 0.9997064471244812, 0.7863178849220276, 0.8913716077804565, 0.8693405985832214, 0.20254471898078918, 0.9987413287162781, 0.9937113523483276, 0.9998359680175781, 0.9499667286872864, 0.7265685796737671, 0.5492203235626221, 0.12839600443840027, 0.32904788851737976, 0.999739944934845, 0.2720719873905182, 0.9589356780052185, 0.6842038631439209, 0.8204050660133362, 0.9884563684463501, 0.9997819066047668, 0.7246717810630798, 0.06664162129163742, 0.13495583832263947, 0.38309046626091003, 0.26193493604660034, 0.9305174350738525, 0.990349292755127, 0.9710818529129028, 0.9984949827194214, 0.9610219597816467, 0.19015204906463623, 0.5663937926292419, 0.9984594583511353, 0.8036774396896362, 0.9911414384841919, 0.998210072517395, 0.13904830813407898, 0.04186724126338959, 0.9606733322143555, 0.16761289536952972, 0.9031665325164795, 0.8310708403587341, 0.8998887538909912, 0.5929703712463379, 0.1931307315826416, 0.9403889775276184, 0.9996422529220581, 0.5209705233573914]
AUC is: 0.9387755102040816
y_true: [0, 1, 1, 0, 0, 0, 0, 0, 0, 1, 0, 0, 0, 1, 0, 1, 0, 1, 0, 0, 0, 0, 0, 0, 1, 0, 1, 0, 0, 0, 0, 0, 1, 1, 0, 1, 1, 1, 1, 0, 0, 0, 1, 0, 0, 0, 1, 0, 1, 1, 0, 0, 1, 1, 1, 0, 1, 0, 0, 0, 0, 0, 0, 0]
y_score: [0.2880536615848541, 0.9883765578269958, 0.9989908337593079, 0.6113470196723938, 0.9740221500396729, 0.7615839838981628, 0.1603478044271469, 0.9933162331581116, 0.9655512571334839, 0.9988223910331726, 0.0632147416472435, 0.21998383104801178, 0.5542291402816772, 0.9999343156814575, 0.8056363463401794, 0.9772250056266785, 0.06376245617866516, 0.9977741837501526, 0.892853319644928, 0.345493882894516, 0.6279297471046448, 0.34678328037261963, 0.1891760230064392, 0.4588874280452728, 0.9969199895858765, 0.5686352252960205, 0.9978918433189392, 0.8773467540740967, 0.7537351846694946, 0.8516532182693481, 0.39237064123153687, 0.29936423897743225, 0.9998680353164673, 0.9987061023712158, 0.9965051412582397, 0.9999635219573975, 0.9954883456230164, 0.9996641874313354, 0.9999502897262573, 0.49868983030319214, 0.8030703067779541, 0.09613470733165741, 0.999672532081604, 0.3389887809753418, 0.1614556908607483, 0.08664125204086304, 0.9988003969192505, 0.41267892718315125, 0.998392641544342, 0.991102933883667, 0.10786259919404984, 0.8933932781219482, 0.9990181922912598, 0.9998458623886108, 0.9996610879898071, 0.9422442317008972, 0.9998835325241089, 0.46023887395858765, 0.4821268618106842, 0.35857200622558594, 0.8282396197319031, 0.9290615320205688, 0.927826464176178, 0.11326952278614044]
AUC is: 0.9924242424242423
y_true: [0, 0, 1, 0, 0, 0, 0, 0, 1, 0, 0, 1, 0, 0, 0, 0, 0, 0, 1, 1, 0, 1, 0, 1, 1, 0, 1, 0, 0, 0, 1, 1, 1, 0, 0, 0, 1, 1, 1, 0, 0, 0, 0, 1, 1, 1, 0, 0, 0, 0, 1, 0, 0, 0, 0, 0, 0, 1, 0, 0, 0, 0, 0, 0]
y_score: [0.2816373109817505, 0.9730380773544312, 0.9973113536834717, 0.68850177526474, 0.7978524565696716, 0.991686999797821, 0.13363075256347656, 0.14339499175548553, 0.9991067051887512, 0.4651329517364502, 0.6417340636253357, 0.9998816251754761, 0.3274470567703247, 0.9991942048072815, 0.038507863879203796, 0.40865930914878845, 0.049580857157707214, 0.999687671661377, 0.9998915195465088, 0.9972436428070068, 0.871008038520813, 0.9955719709396362, 0.9497174024581909, 0.9978474378585815, 0.9990589022636414, 0.06805942207574844, 0.9984492063522339, 0.7074917554855347, 0.10827592760324478, 0.6209208369255066, 0.9632213711738586, 0.9996782541275024, 0.999678373336792, 0.8096086382865906, 0.6180572509765625, 0.26163268089294434, 0.9974760413169861, 0.9984185695648193, 0.9998860359191895, 0.1443447321653366, 0.8839305639266968, 0.2918316125869751, 0.5540581941604614, 0.9999560117721558, 0.907069742679596, 0.9973635077476501, 0.9945878982543945, 0.9868783354759216, 0.32828909158706665, 0.8098934888839722, 0.9961252808570862, 0.3453550636768341, 0.642740786075592, 0.9323601126670837, 0.9402967095375061, 0.4562576115131378, 0.951849639415741, 0.9987519979476929, 0.9856399297714233, 0.14510513842105865, 0.6732044219970703, 0.1877150684595108, 0.9800092577934265, 0.09036415070295334]
AUC is: 0.9477272727272728
y_true: [0, 0, 0, 1, 1, 1, 0, 0, 0, 1, 0, 1, 0, 0, 0, 0, 0, 0, 1, 0, 0, 0, 1, 1, 0, 0, 0, 0, 0, 0, 1, 1, 0, 1, 1, 0, 0, 1, 1, 0, 1, 0, 1, 1, 0, 0, 0, 0, 0, 0, 0, 0]
y_score: [0.0673663392663002, 0.8637992739677429, 0.984865665435791, 0.9935303330421448, 0.9973412156105042, 0.999677300453186, 0.3989640176296234, 0.2038729041814804, 0.4267362952232361, 0.9127990007400513, 0.9820212125778198, 0.9914976954460144, 0.6098871827125549, 0.9478244781494141, 0.18228036165237427, 0.07922280579805374, 0.18784530460834503, 0.6758258938789368, 0.9578254222869873, 0.5561036467552185, 0.9960646033287048, 0.8569206595420837, 0.7449848055839539, 0.995832622051239, 0.8358594179153442, 0.6068965792655945, 0.15594761073589325, 0.4277816116809845, 0.940836489200592, 0.18265430629253387, 0.9955806136131287, 0.9975538849830627, 0.9959917664527893, 0.5281497240066528, 0.9984375834465027, 0.637174665927887, 0.4368274211883545, 0.9998420476913452, 0.9997053742408752, 0.04627015441656113, 0.999270498752594, 0.3383949100971222, 0.9898911714553833, 0.997055172920227, 0.5028817653656006, 0.9524602293968201, 0.27224329113960266, 0.38817131519317627, 0.07916265726089478, 0.5421293377876282, 0.9609940052032471, 0.9899594187736511]
AUC is: 0.9058823529411765
