y_true: [1, 0, 0, 0, 0, 1, 0, 1, 0, 0, 1, 0, 0, 1, 1, 0, 0, 1, 0, 0, 0, 0, 0, 1, 0, 0, 0, 0, 0, 1, 0, 1, 0, 1, 0, 0, 0, 0, 0, 0, 0, 0, 0, 0, 0, 0, 0, 0, 1, 0, 1, 1, 1, 0, 1, 0, 0, 0, 0, 0, 1, 0, 0, 1]
y_score: [5.4679366727186525e-40, 0.0, 0.0, 1.0481712513149632e-42, 1.1210387714598537e-44, 6.58610278232664e-44, 0.0, 0.0, 0.0, 0.0, 2.802596928649634e-45, 0.0, 1.891752926838503e-43, 0.0, 3.969878549432207e-42, 0.0, 1.6962017261419748e-40, 0.0, 2.802596928649634e-45, 0.0, 2.5405541158208933e-41, 3.657191408804303e-38, 0.0, 8.498137542618395e-37, 1.401298464324817e-45, 0.0, 0.0, 0.0, 7.006492321624085e-45, 4.203895392974451e-45, 0.0, 3.363116314379561e-44, 5.584174380334396e-42, 4.578854836058486e-40, 1.401298464324817e-45, 1.7206740025229434e-39, 7.180253331200363e-42, 5.302513389005108e-42, 1.3486236550508472e-40, 0.0, 4.203895392974451e-45, 1.0089348943138683e-43, 0.0, 2.802596928649634e-45, 9.067592167876243e-40, 0.0, 0.0, 0.0, 0.0, 7.170202151385315e-35, 3.839557792249999e-43, 0.0, 1.6661410939060543e-36, 4.203895392974451e-44, 0.0, 1.1992657537633394e-37, 0.0, 8.407790785948902e-45, 0.0, 0.0, 3.0828566215145976e-43, 0.0, 1.401298464324817e-45, 0.0]
AUC is: 0.5658212560386473
y_true: [1, 0, 0, 1, 1, 1, 0, 0, 1, 1, 0, 1, 0, 0, 0, 0, 1, 0, 0, 1, 0, 1, 0, 0, 0, 0, 1, 1, 0, 1, 0, 1, 1, 0, 1, 1, 0, 0, 0, 1, 0, 0, 0, 1, 0, 1, 1, 0, 0, 1, 0, 0, 0, 0, 1, 1, 0, 0, 0, 0, 1, 0, 1, 1]
y_score: [9.80908925027372e-45, 3.3475619014255555e-41, 1.72331685142666e-41, 4.666323886201641e-43, 0.0, 4.95765383693477e-41, 0.0, 0.0, 3.698825387477857e-40, 0.0, 0.0, 4.624284932271896e-44, 0.0, 0.0, 0.0, 0.0, 2.0673902750585113e-39, 0.0, 0.0, 0.0, 9.80908925027372e-45, 0.0, 2.2855177953137766e-42, 0.0, 1.401298464324817e-45, 5.605193857299268e-45, 7.286752014489049e-44, 8.547920632381384e-44, 0.0, 2.802596928649634e-45, 0.0, 0.0, 1.8821652427455926e-39, 3.849899374916716e-40, 4.203895392974451e-45, 1.5567024640184393e-41, 1.0005271035279194e-42, 1.0561054032199703e-39, 0.0, 1.5222305217960488e-41, 0.0, 0.0, 2.382207389352189e-44, 3.962058236772364e-35, 0.0, 8.407790785948902e-45, 5.605193857299268e-44, 0.0, 0.0, 0.0, 6.305843089461677e-44, 0.0, 0.0, 0.0, 0.0, 0.0, 0.0, 0.0, 0.0, 7.089449190712115e-41, 4.153781372566127e-37, 8.96831017167883e-44, 0.0, 0.0]
AUC is: 0.6481481481481483
y_true: [0, 0, 0, 1, 1, 0, 0, 0, 0, 0, 0, 0, 0, 0, 0, 0, 0, 0, 0, 0, 0, 0, 1, 0, 0, 0, 1, 1, 1, 1, 0, 0, 1, 1, 0, 0, 0, 0, 1, 0, 0, 0, 0, 0, 0, 0, 0, 1, 0, 0, 1, 0, 0, 1, 0, 1, 0, 0, 0, 0, 0, 1, 0, 0]
y_score: [0.0, 8.407790785948902e-45, 1.716310359105036e-41, 0.0, 0.0, 1.482489697347797e-40, 5.226843271931568e-43, 0.0, 2.045895757914233e-43, 1.401298464324817e-45, 1.4573504028978098e-43, 1.5135845102711647e-40, 0.0, 0.0, 0.0, 0.0, 0.0, 0.0, 0.0, 1.1448608453533755e-42, 3.218782572554105e-42, 1.0923261659258382e-40, 0.0, 0.0, 1.1014205929593062e-42, 0.0, 4.775139419367945e-30, 0.0, 0.0, 0.0, 1.1452714258034227e-39, 0.0, 0.0, 0.0, 0.0, 0.0, 0.0, 0.0, 2.802596928649634e-44, 0.0, 3.3399531063611116e-35, 0.0, 7.103181915662498e-42, 0.0, 0.0, 0.0, 2.298980069660545e-39, 0.0, 2.802596928649634e-45, 3.783505853677006e-44, 0.0, 1.2009127839263682e-40, 2.7381231863060493e-40, 0.0, 1.850526726018067e-39, 0.0, 0.0, 0.0, 1.401298464324817e-45, 5.446244572490904e-40, 4.203895392974451e-45, 2.802596928649634e-44, 0.0, 0.0]
AUC is: 0.3523809523809524
y_true: [1, 0, 1, 0, 1, 0, 0, 1, 1, 1, 1, 0, 0, 0, 0, 1, 1, 1, 0, 0, 0, 0, 0, 0, 0, 1, 0, 1, 1, 0, 1, 0, 0, 1, 0, 1, 1, 1, 1, 1, 0, 0, 0, 1, 1, 0, 1, 0, 0, 1, 1, 0, 1, 0, 0, 0, 0, 1, 0, 1, 0, 0, 0, 0]
y_score: [2.4242463432819335e-43, 0.0, 0.0, 4.042586321552164e-38, 5.347133817207909e-35, 1.6815581571897805e-44, 6.62842199594925e-40, 0.0, 0.0, 1.460552762252362e-37, 2.4405014054681014e-41, 1.401298464324817e-45, 2.3261554507791963e-43, 0.0, 2.802596928649634e-45, 0.0, 0.0, 1.2751816025355835e-43, 2.79507195589621e-40, 2.3261554507791963e-43, 0.0, 0.0, 0.0, 3.18666481175178e-40, 0.0, 0.0, 1.0875939810118132e-39, 2.8329664294878673e-38, 1.5794320856291735e-38, 0.0, 1.401298464324817e-45, 0.0, 0.0, 0.0, 5.331440393204165e-39, 1.847041696737291e-39, 7.208223248548286e-40, 3.4603664278037033e-41, 0.0, 0.0, 3.0127916982983567e-43, 0.0, 0.0, 0.0, 0.0, 0.0, 0.0, 0.0, 0.0, 0.0, 3.629363022601276e-42, 1.8386042598568232e-34, 1.401298464324817e-44, 1.401298464324817e-45, 8.407790785948902e-45, 0.0, 1.3162396475403007e-41, 0.0, 0.0, 0.0, 0.0, 0.0, 2.942726775082116e-44, 0.0]
AUC is: 0.5223214285714286
y_true: [0, 0, 1, 0, 1, 0, 0, 0, 0, 1, 0, 0, 0, 0, 0, 0, 1, 0, 0, 0, 0, 1, 0, 1, 0, 0, 0, 0, 0, 1, 0, 0, 0, 0, 1, 1, 1, 0, 0, 0, 0, 1, 0, 0, 0, 0, 0, 0, 1, 0, 1, 1, 0, 0, 0, 0, 0, 0, 0, 0, 0, 0, 1, 0]
y_score: [1.401298464324817e-45, 0.0, 0.0, 1.401298464324817e-43, 0.0, 4.012996503179481e-40, 0.0, 0.0, 5.885453550164232e-44, 1.3032075718220799e-43, 0.0, 5.156498089022462e-41, 5.249264047360765e-42, 0.0, 0.0, 0.0, 0.0, 7.707141553786494e-44, 2.1019476964872256e-44, 0.0, 0.0, 1.637164797632216e-37, 6.517439157574724e-42, 0.0, 7.805232446289231e-43, 3.2454072433762763e-42, 6.73744301647372e-42, 6.319856074104925e-43, 0.0, 1.401298464324817e-45, 9.277997132294614e-42, 2.289721690706751e-42, 6.558076813040144e-43, 2.7675644670415137e-42, 0.0, 7.37377264912362e-41, 0.0, 4.203895392974451e-45, 3.5032461608120427e-44, 8.088184313763855e-38, 0.0, 0.0, 0.0, 0.0, 1.0047309989208938e-42, 0.0, 0.0, 0.0, 0.0, 0.0, 1.5133446079740723e-37, 0.0, 1.1210387714598537e-44, 0.0, 7.006492321624085e-45, 3.803978824240792e-40, 1.401298464324817e-45, 2.4802982818549262e-43, 0.0, 1.2821880948572076e-42, 1.4153114489680652e-43, 2.760978364259187e-41, 2.5467111410134437e-38, 0.0]
AUC is: 0.45170068027210886
y_true: [0, 1, 1, 0, 0, 0, 0, 0, 0, 1, 0, 0, 0, 1, 0, 1, 0, 1, 0, 0, 0, 0, 0, 0, 1, 0, 1, 0, 0, 0, 0, 0, 1, 1, 0, 1, 1, 1, 1, 0, 0, 0, 1, 0, 0, 0, 1, 0, 1, 1, 0, 0, 1, 1, 1, 0, 1, 0, 0, 0, 0, 0, 0, 0]
y_score: [2.8306228979361305e-43, 0.0, 0.0, 0.0, 2.342971032351094e-42, 3.6433760072445244e-44, 1.401298464324817e-45, 1.4308658619220707e-41, 0.0, 2.2263073219307167e-34, 0.0, 1.401298464324817e-45, 2.334605280519075e-40, 2.802596928649634e-45, 0.0, 0.0, 1.401298464324817e-45, 3.9739423149787487e-41, 0.0, 0.0, 1.5904737570086674e-42, 6.473998905180655e-42, 0.0, 0.0, 5.605193857299268e-45, 0.0, 0.0, 1.401298464324817e-45, 0.0, 0.0, 0.0, 0.0, 1.0129706338911238e-40, 2.1401064549692547e-39, 0.0, 0.0, 1.091191114169735e-41, 9.722208745485581e-42, 5.324934164434305e-44, 0.0, 1.6958023560796423e-38, 5.605193857299268e-45, 1.401298464324817e-45, 1.401298464324817e-45, 2.802596928649634e-45, 0.0, 2.970752744368612e-43, 0.0, 0.0, 1.6535321879032841e-43, 3.853570776893247e-43, 2.5223372357846707e-44, 1.2191296639625909e-43, 0.0, 0.0, 0.0, 6.441068391269022e-41, 7.707141553786494e-44, 0.0, 0.0, 0.0, 1.5140787314239505e-36, 0.0, 1.401298464324817e-45]
AUC is: 0.6255411255411255
y_true: [0, 0, 1, 0, 0, 0, 0, 0, 1, 0, 0, 1, 0, 0, 0, 0, 0, 0, 1, 1, 0, 1, 0, 1, 1, 0, 1, 0, 0, 0, 1, 1, 1, 0, 0, 0, 1, 1, 1, 0, 0, 0, 0, 1, 1, 1, 0, 0, 0, 0, 1, 0, 0, 0, 0, 0, 0, 1, 0, 0, 0, 0, 0, 0]
y_score: [0.0, 0.0, 0.0, 0.0, 0.0, 0.0, 3.231394258733028e-42, 0.0, 9.80908925027372e-45, 1.1341072809381469e-39, 0.0, 0.0, 0.0, 9.677227064780754e-41, 0.0, 0.0, 0.0, 0.0, 0.0, 0.0, 0.0, 0.0, 0.0, 0.0, 4.951946628549268e-38, 0.0, 0.0, 0.0, 0.0, 9.234556879900544e-43, 3.0828566215145976e-44, 5.605193857299268e-45, 2.317435170435703e-39, 2.1553831126310106e-35, 1.961817850054744e-44, 2.802596928649634e-45, 0.0, 0.0, 2.1860256043467146e-42, 1.5834672646870433e-43, 5.324934164434305e-44, 0.0, 0.0, 1.401298464324817e-44, 0.0, 2.7745709593631378e-43, 4.0297139938588765e-41, 0.0, 2.150092275981849e-37, 0.0, 0.0, 5.605193857299268e-45, 0.0, 0.0, 0.0, 0.0, 3.923635700109488e-44, 0.0, 3.476323293676663e-38, 1.3732724950383207e-43, 0.0, 0.0, 2.2104348222967886e-39, 0.0]
AUC is: 0.5028409090909091
y_true: [0, 0, 0, 1, 1, 1, 0, 0, 0, 1, 0, 1, 0, 0, 0, 0, 0, 0, 1, 0, 0, 0, 1, 1, 0, 0, 0, 0, 0, 0, 1, 1, 0, 1, 1, 0, 0, 1, 1, 0, 1, 0, 1, 1, 0, 0, 0, 0, 0, 0, 0, 0]
y_score: [0.0, 6.782284567332115e-43, 7.347007848455016e-42, 4.632692723057845e-42, 4.461033661178055e-41, 1.401298464324817e-45, 2.1019476964872256e-44, 1.401298464324817e-45, 0.0, 0.0, 2.802596928649634e-45, 7.987401246651457e-44, 9.143472479719431e-42, 1.1210387714598537e-44, 0.0, 0.0, 0.0, 1.9721734457061043e-40, 1.5226509113353462e-41, 0.0, 0.0, 0.0, 2.0527598783118816e-37, 9.80908925027372e-45, 0.0, 7.239107866702005e-42, 0.0, 0.0, 0.0, 0.0, 2.6954536480673586e-40, 4.358038224050181e-42, 0.0, 0.0, 8.407790785948902e-45, 1.2486970615598445e-41, 0.0, 0.0, 0.0, 0.0, 1.4444584570260214e-41, 4.203895392974451e-45, 4.364484196986075e-41, 2.802596928649634e-45, 8.96831017167883e-44, 2.802596928649634e-45, 8.261781091160114e-39, 1.125487894084085e-39, 0.0, 5.605193857299268e-45, 1.401298464324817e-45, 0.0]
AUC is: 0.6756302521008403
