y_true: [0, 0, 0, 1, 1, 0, 1, 0, 0, 1, 0, 0, 1, 0, 0, 0, 1, 0, 1, 1, 1, 1, 0, 0, 1, 0, 0, 0, 1, 0, 0, 0, 0, 0, 1, 0, 0, 1, 0, 1, 1, 1, 0, 1, 1, 1, 0, 1, 0, 1, 0, 0, 0, 0, 0, 1, 1, 1, 0, 0, 0, 0, 0, 0]
y_score: [0.2665342688560486, 0.7837535738945007, 0.3553624749183655, 0.9936509728431702, 0.9640169143676758, 0.9940685033798218, 0.9971579313278198, 0.3937865197658539, 0.22523324191570282, 0.9848858714103699, 0.7917738556861877, 0.21689751744270325, 0.9627737402915955, 0.8431852459907532, 0.25465261936187744, 0.9334111213684082, 0.993640124797821, 0.4192048907279968, 0.9993466734886169, 0.9914210438728333, 0.9930101037025452, 0.9888716340065002, 0.4316091239452362, 0.319953590631485, 0.9972763657569885, 0.17676055431365967, 0.45877256989479065, 0.8788003325462341, 0.9956739544868469, 0.26555585861206055, 0.3058055341243744, 0.3008250296115875, 0.5028327703475952, 0.3428954780101776, 0.9885842800140381, 0.8902239799499512, 0.8856613636016846, 0.9375705718994141, 0.5320672988891602, 0.9829644560813904, 0.9875959157943726, 0.9936808347702026, 0.6829999685287476, 0.9915469288825989, 0.9652960300445557, 0.993557870388031, 0.4852418005466461, 0.9963886737823486, 0.6215054392814636, 0.8811466097831726, 0.3047928810119629, 0.9375272989273071, 0.952161431312561, 0.29859456419944763, 0.32767799496650696, 0.9675515294075012, 0.9268525838851929, 0.9940285682678223, 0.44899070262908936, 0.4776366651058197, 0.2621365785598755, 0.16679151356220245, 0.12706056237220764, 0.33211183547973633]
AUC is: 0.9702564102564102
y_true: [0, 0, 0, 0, 0, 0, 1, 0, 0, 0, 1, 0, 0, 1, 0, 1, 0, 0, 1, 0, 1, 0, 1, 0, 1, 1, 0, 0, 0, 0, 1, 0, 0, 0, 0, 0, 1, 1, 1, 0, 0, 1, 1, 0, 1, 0, 0, 0, 1, 0, 1, 1, 1, 1, 0, 0, 0, 1, 1, 1, 0, 0, 0, 0]
y_score: [0.5624337792396545, 0.8504589200019836, 0.4521656632423401, 0.6166608929634094, 0.30779388546943665, 0.7091769576072693, 0.9901366233825684, 0.2570609152317047, 0.4049168527126312, 0.9750986695289612, 0.9920622110366821, 0.29791074991226196, 0.7532320022583008, 0.9983764886856079, 0.3094295561313629, 0.999454915523529, 0.8136966824531555, 0.38975560665130615, 0.9920234680175781, 0.44829586148262024, 0.9963036775588989, 0.8782873153686523, 0.9942682981491089, 0.26640069484710693, 0.9273680448532104, 0.995823860168457, 0.97806715965271, 0.8712776303291321, 0.18452107906341553, 0.8836508393287659, 0.9968538880348206, 0.7424004077911377, 0.3380565643310547, 0.7643165588378906, 0.9116178154945374, 0.5423133969306946, 0.9821680784225464, 0.9909438490867615, 0.9977816939353943, 0.862342357635498, 0.4441705346107483, 0.9496101140975952, 0.9905452728271484, 0.3396884799003601, 0.9969758987426758, 0.4783046543598175, 0.976095974445343, 0.28128907084465027, 0.9892442226409912, 0.498035192489624, 0.9920404553413391, 0.9982286095619202, 0.994814395904541, 0.9760518074035645, 0.3050146698951721, 0.5461268424987793, 0.4548625648021698, 0.996857762336731, 0.986687958240509, 0.9971418976783752, 0.29606661200523376, 0.3321687579154968, 0.4244365096092224, 0.8659403324127197]
AUC is: 0.9916666666666667
y_true: [0, 0, 0, 0, 0, 1, 1, 1, 1, 0, 0, 1, 1, 1, 1, 1, 1, 1, 1, 1, 1, 1, 0, 0, 0, 0, 0, 0, 0, 0, 1, 0, 0, 0, 0, 1, 0, 0, 0, 0, 0, 1, 1, 0, 0, 1, 0, 0, 1, 0, 0, 1, 1, 0, 0, 0, 0, 0, 1, 1, 1, 0, 0, 0]
y_score: [0.5645462870597839, 0.4957145154476166, 0.959259569644928, 0.9127416610717773, 0.8171793818473816, 0.9708173871040344, 0.9814596176147461, 0.9968626499176025, 0.997785210609436, 0.6042051315307617, 0.27546465396881104, 0.9924817681312561, 0.9937537312507629, 0.9961633682250977, 0.9895339608192444, 0.994299054145813, 0.9927934408187866, 0.9760867953300476, 0.9877411723136902, 0.9653241634368896, 0.9854696989059448, 0.9972100853919983, 0.2742600440979004, 0.21086758375167847, 0.4231345057487488, 0.38567668199539185, 0.35704052448272705, 0.898071825504303, 0.5830065608024597, 0.8337836265563965, 0.9877644181251526, 0.31777533888816833, 0.5993009209632874, 0.9360134601593018, 0.2957596480846405, 0.955915629863739, 0.20364561676979065, 0.3751676082611084, 0.8517854809761047, 0.18485331535339355, 0.9355821013450623, 0.99845290184021, 0.9947220087051392, 0.230829119682312, 0.26376599073410034, 0.969863772392273, 0.7094686031341553, 0.7354617118835449, 0.9474445581436157, 0.3850117027759552, 0.8669300675392151, 0.9759806990623474, 0.9575431942939758, 0.9206715822219849, 0.3665640652179718, 0.9256860017776489, 0.25574782490730286, 0.37096285820007324, 0.982801616191864, 0.9503402709960938, 0.7713847160339355, 0.3647434711456299, 0.2666614353656769, 0.41476789116859436]
AUC is: 0.9848178137651822
y_true: [0, 0, 0, 1, 0, 0, 0, 0, 0, 0, 0, 0, 0, 1, 1, 0, 0, 0, 0, 0, 0, 1, 1, 0, 1, 0, 1, 0, 0, 0, 0, 0, 1, 0, 1, 0, 0, 0, 0, 0, 0, 0, 0, 0, 0, 1, 0, 0, 0, 0, 0, 1, 0, 0, 1, 1, 1, 0, 0, 0, 0, 0, 1, 0]
y_score: [0.27007243037223816, 0.21316561102867126, 0.6717183589935303, 0.9860687255859375, 0.30987489223480225, 0.6369419097900391, 0.4943508505821228, 0.9569292068481445, 0.35716789960861206, 0.29991447925567627, 0.7261605262756348, 0.2714959681034088, 0.6415135264396667, 0.9961013793945312, 0.9926920533180237, 0.8512254357337952, 0.7797256112098694, 0.6549516916275024, 0.4358308017253876, 0.8024495840072632, 0.21212349832057953, 0.9846944212913513, 0.9936623573303223, 0.3403223752975464, 0.9833563566207886, 0.901479959487915, 0.9701918959617615, 0.2901202142238617, 0.32976993918418884, 0.33280080556869507, 0.8066282868385315, 0.20165300369262695, 0.9284557700157166, 0.8244137763977051, 0.6289443969726562, 0.3178200125694275, 0.3117094933986664, 0.9675412774085999, 0.7592689990997314, 0.8203136920928955, 0.18979161977767944, 0.735171377658844, 0.4069989323616028, 0.6742907166481018, 0.7904626727104187, 0.996416449546814, 0.39942309260368347, 0.4864286482334137, 0.38085493445396423, 0.8700231313705444, 0.3605116307735443, 0.9517562389373779, 0.9449247121810913, 0.30906540155410767, 0.9983497858047485, 0.9789631366729736, 0.9965580105781555, 0.9956542253494263, 0.5263792276382446, 0.9502068758010864, 0.6611228585243225, 0.26207098364830017, 0.9727993011474609, 0.12218426913022995]
AUC is: 0.946938775510204
y_true: [0, 0, 0, 1, 0, 0, 1, 0, 0, 0, 1, 0, 0, 0, 0, 0, 0, 1, 1, 0, 1, 0, 0, 0, 0, 0, 1, 0, 0, 0, 0, 1, 0, 0, 0, 0, 0, 1, 1, 1, 0, 0, 0, 1, 0, 1, 1, 1, 0, 1, 0, 0, 1, 1, 0, 0, 1, 0, 1, 1, 1, 0, 0, 0]
y_score: [0.5048624277114868, 0.6437888741493225, 0.34934115409851074, 0.9890292882919312, 0.614915668964386, 0.6747539043426514, 0.8454559445381165, 0.24719063937664032, 0.39741450548171997, 0.4320824146270752, 0.98665851354599, 0.9068856835365295, 0.8448591232299805, 0.29722851514816284, 0.354775071144104, 0.9820399880409241, 0.744163990020752, 0.9935728311538696, 0.9727711081504822, 0.1636289805173874, 0.9911277294158936, 0.40004613995552063, 0.3030252158641815, 0.8817384839057922, 0.5119826197624207, 0.9315878748893738, 0.9634214639663696, 0.9906982779502869, 0.34938299655914307, 0.3802337646484375, 0.2747154235839844, 0.9661291837692261, 0.2914930582046509, 0.5507303476333618, 0.9721971750259399, 0.28267478942871094, 0.5316056609153748, 0.9992201328277588, 0.9746381044387817, 0.9570650458335876, 0.4311842620372772, 0.9855701923370361, 0.33942145109176636, 0.9851847887039185, 0.3518234193325043, 0.97896409034729, 0.40821573138237, 0.9652205109596252, 0.8624814748764038, 0.9760349988937378, 0.763927698135376, 0.9391691088676453, 0.98105388879776, 0.9994994401931763, 0.2588997781276703, 0.5919103622436523, 0.9853391647338867, 0.5550535321235657, 0.9769754409790039, 0.9626806974411011, 0.9986732006072998, 0.3211435377597809, 0.30571383237838745, 0.5748263001441956]
AUC is: 0.9166666666666666
y_true: [0, 0, 0, 1, 1, 1, 0, 0, 0, 0, 1, 1, 0, 0, 0, 0, 1, 0, 1, 0, 1, 1, 1, 0, 0, 0, 0, 0, 1, 1, 0, 0, 0, 0, 1, 0, 0, 0, 0, 0, 1, 0, 0, 0, 0, 1, 0, 1, 0, 0, 1, 1, 0, 0, 0, 0, 0, 1, 0, 0, 0, 0, 0, 1]
y_score: [0.20245027542114258, 0.7798015475273132, 0.7724040746688843, 0.9961352348327637, 0.9805279970169067, 0.9924346208572388, 0.7849559187889099, 0.3702017068862915, 0.8076586723327637, 0.2936296761035919, 0.9972969889640808, 0.9875484704971313, 0.6903325915336609, 0.6721464395523071, 0.502292275428772, 0.8702367544174194, 0.9996008276939392, 0.5257282853126526, 0.9799913167953491, 0.30024453997612, 0.985678493976593, 0.9927621483802795, 0.9927869439125061, 0.18109267950057983, 0.4058488607406616, 0.8163424134254456, 0.9075238704681396, 0.35086342692375183, 0.9886050224304199, 0.8399845361709595, 0.14911440014839172, 0.7387504577636719, 0.34346258640289307, 0.33629775047302246, 0.5107045769691467, 0.27659523487091064, 0.9546546936035156, 0.3810763657093048, 0.7376343011856079, 0.21362057328224182, 0.959905207157135, 0.24731586873531342, 0.794318675994873, 0.2375970184803009, 0.38635292649269104, 0.9903131723403931, 0.6542878150939941, 0.9976611137390137, 0.8469110131263733, 0.6319599151611328, 0.9986769556999207, 0.9953533411026001, 0.8622435331344604, 0.3460237383842468, 0.6486835479736328, 0.54422926902771, 0.2947993874549866, 0.99610435962677, 0.1227504312992096, 0.7630955576896667, 0.7090403437614441, 0.5968018770217896, 0.2814958989620209, 0.9495692849159241]
AUC is: 0.9670454545454545
y_true: [1, 1, 0, 0, 0, 0, 0, 0, 0, 0, 1, 0, 0, 1, 1, 1, 1, 0, 0, 0, 0, 0, 1, 0, 0, 1, 0, 1, 0, 1, 0, 0, 0, 1, 1, 0, 0, 0, 0, 0, 1, 0, 0, 0, 0, 0, 1, 0, 1, 0, 0, 1, 0, 0, 0, 1, 1, 0, 1, 0, 0, 1, 0, 0]
y_score: [0.9952425956726074, 0.8017001748085022, 0.7749893069267273, 0.8285635113716125, 0.8730781078338623, 0.29022321105003357, 0.5924538373947144, 0.4374675452709198, 0.8551536202430725, 0.3686641752719879, 0.9915000796318054, 0.7065407037734985, 0.38518452644348145, 0.9260700941085815, 0.9984129667282104, 0.995728075504303, 0.9978048205375671, 0.3379891514778137, 0.3382470905780792, 0.6937552094459534, 0.3294268548488617, 0.36162859201431274, 0.9792495369911194, 0.7549512982368469, 0.4897991716861725, 0.9930685758590698, 0.7345925569534302, 0.9875230193138123, 0.23416364192962646, 0.990790843963623, 0.8723552227020264, 0.8973340392112732, 0.2739182114601135, 0.9676226377487183, 0.993615984916687, 0.4057078957557678, 0.8864263296127319, 0.8126662969589233, 0.5564935803413391, 0.9637376666069031, 0.978825032711029, 0.3309670388698578, 0.43914705514907837, 0.26188981533050537, 0.830034613609314, 0.94659024477005, 0.8717644810676575, 0.6418159604072571, 0.987547755241394, 0.42379531264305115, 0.7382392883300781, 0.8644973635673523, 0.16118372976779938, 0.35273921489715576, 0.9811680316925049, 0.9943767786026001, 0.8883986473083496, 0.3387530744075775, 0.7180322408676147, 0.3529708683490753, 0.5898653268814087, 0.932639479637146, 0.5734296441078186, 0.8824643492698669]
AUC is: 0.9368770764119602
y_true: [1, 1, 1, 0, 0, 0, 0, 0, 0, 0, 0, 0, 0, 1, 1, 1, 1, 0, 0, 0, 1, 1, 0, 0, 1, 0, 0, 0, 0, 0, 0, 0, 0, 0, 0, 1, 1, 0, 0, 1, 0, 0, 0, 0, 0, 1, 1, 0, 1, 0, 1, 1]
y_score: [0.9971291422843933, 0.9919493198394775, 0.9691828489303589, 0.8062012791633606, 0.9361727833747864, 0.4144548177719116, 0.932948887348175, 0.3186338543891907, 0.4392396807670593, 0.5869645476341248, 0.861307680606842, 0.9733864068984985, 0.9236151576042175, 0.980117917060852, 0.9901490211486816, 0.999305009841919, 0.9960823655128479, 0.3347316384315491, 0.8968349099159241, 0.2483902871608734, 0.8778278231620789, 0.9955319166183472, 0.9753095507621765, 0.5988382697105408, 0.9885894060134888, 0.2555094063282013, 0.326580673456192, 0.26458317041397095, 0.8787224888801575, 0.11293966323137283, 0.4464094638824463, 0.48237380385398865, 0.8202863931655884, 0.9935943484306335, 0.41826048493385315, 0.9902641773223877, 0.9951855540275574, 0.34141892194747925, 0.8241314888000488, 0.9976453185081482, 0.6570614576339722, 0.5149885416030884, 0.8566165566444397, 0.7673611640930176, 0.6331917643547058, 0.8372761011123657, 0.9853509664535522, 0.36315539479255676, 0.998721182346344, 0.9834434986114502, 0.8191892504692078, 0.9428889751434326]
AUC is: 0.9215686274509804
