y_true: [1, 0, 0, 0, 0, 1, 0, 1, 0, 0, 1, 0, 0, 1, 1, 0, 0, 1, 0, 0, 0, 0, 0, 1, 0, 0, 0, 0, 0, 1, 0, 1, 0, 1, 0, 0, 0, 0, 0, 0, 0, 0, 0, 0, 0, 0, 0, 0, 1, 0, 1, 1, 1, 0, 1, 0, 0, 0, 0, 0, 1, 0, 0, 1]
y_score: [0.4354402720928192, 0.0757385715842247, 0.147151917219162, 0.25008201599121094, 0.42897719144821167, 0.34856030344963074, 0.14179453253746033, 0.41399723291397095, 0.08227177709341049, 0.18816502392292023, 0.3960419297218323, 0.19526802003383636, 0.19845165312290192, 0.312168151140213, 0.41932037472724915, 0.2180027961730957, 0.33635568618774414, 0.4476875066757202, 0.20807665586471558, 0.2280697226524353, 0.18408852815628052, 0.32112452387809753, 0.09341404587030411, 0.4750019311904907, 0.31442031264305115, 0.11757560819387436, 0.26125606894493103, 0.23440803587436676, 0.1280805766582489, 0.26885727047920227, 0.0641198381781578, 0.4031227231025696, 0.13415950536727905, 0.37590351700782776, 0.3746812045574188, 0.16392838954925537, 0.21072179079055786, 0.22181925177574158, 0.13547781109809875, 0.37846726179122925, 0.2666829526424408, 0.16946232318878174, 0.22495795786380768, 0.2601858377456665, 0.28619885444641113, 0.14309099316596985, 0.2255108654499054, 0.28781503438949585, 0.37443023920059204, 0.3983747065067291, 0.5132007598876953, 0.179623082280159, 0.31614017486572266, 0.15047527849674225, 0.29557183384895325, 0.36971038579940796, 0.17892126739025116, 0.2443820983171463, 0.22171403467655182, 0.14617781341075897, 0.4587787091732025, 0.07223599404096603, 0.05215311050415039, 0.295358270406723]
AUC is: 0.8961352657004831
y_true: [1, 0, 0, 1, 1, 1, 0, 0, 1, 1, 0, 1, 0, 0, 0, 0, 1, 0, 0, 1, 0, 1, 0, 0, 0, 0, 1, 1, 0, 1, 0, 1, 1, 0, 1, 1, 0, 0, 0, 1, 0, 0, 0, 1, 0, 1, 1, 0, 0, 1, 0, 0, 0, 0, 1, 1, 0, 0, 0, 0, 1, 0, 1, 1]
y_score: [0.43573907017707825, 0.2082192450761795, 0.3125184178352356, 0.4077087342739105, 0.38437962532043457, 0.4362109899520874, 0.14443367719650269, 0.050100840628147125, 0.4679197072982788, 0.34582313895225525, 0.3387126922607422, 0.4848422110080719, 0.26367858052253723, 0.17637132108211517, 0.17994633316993713, 0.19155865907669067, 0.3333134353160858, 0.1888512820005417, 0.23342467844486237, 0.3986993134021759, 0.10212208330631256, 0.3186627924442291, 0.21925099194049835, 0.15778963267803192, 0.3096412122249603, 0.25369715690612793, 0.28997987508773804, 0.36246567964553833, 0.07617584615945816, 0.45303666591644287, 0.25806739926338196, 0.18498598039150238, 0.37240898609161377, 0.24908402562141418, 0.3822045624256134, 0.3188409209251404, 0.31391066312789917, 0.38547754287719727, 0.29858240485191345, 0.3434615731239319, 0.2277718484401703, 0.20905007421970367, 0.2638605833053589, 0.4439361095428467, 0.18913793563842773, 0.5003538727760315, 0.2773882746696472, 0.11938155442476273, 0.31499236822128296, 0.33035680651664734, 0.2382756918668747, 0.16297495365142822, 0.11619415879249573, 0.130676731467247, 0.24452218413352966, 0.2933979332447052, 0.1507149338722229, 0.1690143495798111, 0.27924370765686035, 0.2140635997056961, 0.5054031014442444, 0.17898273468017578, 0.3189305365085602, 0.33306220173835754]
AUC is: 0.923923923923924
y_true: [0, 0, 0, 1, 1, 0, 0, 0, 0, 0, 0, 0, 0, 0, 0, 0, 0, 0, 0, 0, 0, 0, 1, 0, 0, 0, 1, 1, 1, 1, 0, 0, 1, 1, 0, 0, 0, 0, 1, 0, 0, 0, 0, 0, 0, 0, 0, 1, 0, 0, 1, 0, 0, 1, 0, 1, 0, 0, 0, 0, 0, 1, 0, 0]
y_score: [0.061729177832603455, 0.14634427428245544, 0.23914432525634766, 0.31930068135261536, 0.23872537910938263, 0.29596707224845886, 0.20670770108699799, 0.21693155169487, 0.17943280935287476, 0.19338518381118774, 0.12321539968252182, 0.3241713047027588, 0.34431299567222595, 0.11850909143686295, 0.1776120662689209, 0.3253956139087677, 0.24498797953128815, 0.16340096294879913, 0.22940202057361603, 0.2819366753101349, 0.3887476325035095, 0.3560499846935272, 0.2532386779785156, 0.07624497264623642, 0.23097847402095795, 0.11839130520820618, 0.3442278504371643, 0.27381080389022827, 0.20742732286453247, 0.21222923696041107, 0.3011411130428314, 0.056601230055093765, 0.2305852323770523, 0.2866915464401245, 0.08524874597787857, 0.1575806587934494, 0.15474271774291992, 0.1136307418346405, 0.3812398910522461, 0.16597720980644226, 0.3041990101337433, 0.1612515151500702, 0.3721045255661011, 0.09276392310857773, 0.07203023880720139, 0.1035783439874649, 0.26940205693244934, 0.4288563132286072, 0.2498857080936432, 0.0747801810503006, 0.42412546277046204, 0.3357394337654114, 0.34472671151161194, 0.3963705003261566, 0.2974877655506134, 0.4040898084640503, 0.14237572252750397, 0.15405848622322083, 0.20749327540397644, 0.404832661151886, 0.2183619886636734, 0.45566171407699585, 0.09541492909193039, 0.1219443678855896]
AUC is: 0.8054421768707483
y_true: [1, 0, 1, 0, 1, 0, 0, 1, 1, 1, 1, 0, 0, 0, 0, 1, 1, 1, 0, 0, 0, 0, 0, 0, 0, 1, 0, 1, 1, 0, 1, 0, 0, 1, 0, 1, 1, 1, 1, 1, 0, 0, 0, 1, 1, 0, 1, 0, 0, 1, 1, 0, 1, 0, 0, 0, 0, 1, 0, 1, 0, 0, 0, 0]
y_score: [0.4073176085948944, 0.07456362247467041, 0.3634582459926605, 0.31476786732673645, 0.4416014552116394, 0.13925214111804962, 0.18261878192424774, 0.20057585835456848, 0.45469504594802856, 0.3774472773075104, 0.3339424431324005, 0.10324811190366745, 0.11232249438762665, 0.311961829662323, 0.1953485608100891, 0.20553743839263916, 0.24857981503009796, 0.3802010416984558, 0.17328299582004547, 0.26449504494667053, 0.08318842202425003, 0.18725940585136414, 0.2541747987270355, 0.12910373508930206, 0.34742265939712524, 0.3928437829017639, 0.22234004735946655, 0.4721529185771942, 0.39518603682518005, 0.12056494504213333, 0.21779504418373108, 0.05420047417283058, 0.1848650425672531, 0.2822543680667877, 0.2366093248128891, 0.527099609375, 0.4839443862438202, 0.3680519163608551, 0.1915852278470993, 0.17442935705184937, 0.1819031536579132, 0.20836926996707916, 0.11464853584766388, 0.36459794640541077, 0.32266706228256226, 0.3200151324272156, 0.38339534401893616, 0.09530946612358093, 0.09714002907276154, 0.3498993217945099, 0.3209678828716278, 0.31707561016082764, 0.28069233894348145, 0.07811545580625534, 0.1750037670135498, 0.36739447712898254, 0.24892880022525787, 0.32034456729888916, 0.07120255380868912, 0.3086974322795868, 0.11431560665369034, 0.1844383180141449, 0.3787732720375061, 0.07229240238666534]
AUC is: 0.8779761904761905
y_true: [0, 0, 1, 0, 1, 0, 0, 0, 0, 1, 0, 0, 0, 0, 0, 0, 1, 0, 0, 0, 0, 1, 0, 1, 0, 0, 0, 0, 0, 1, 0, 0, 0, 0, 1, 1, 1, 0, 0, 0, 0, 1, 0, 0, 0, 0, 0, 0, 1, 0, 1, 1, 0, 0, 0, 0, 0, 0, 0, 0, 0, 0, 1, 0]
y_score: [0.13216978311538696, 0.09662799537181854, 0.21838875114917755, 0.2927223742008209, 0.2664807140827179, 0.246847465634346, 0.4110730290412903, 0.1134379506111145, 0.09916843473911285, 0.35277271270751953, 0.3751612603664398, 0.1426849365234375, 0.21070106327533722, 0.08537787944078445, 0.12080765515565872, 0.17740559577941895, 0.29415157437324524, 0.2072676420211792, 0.38169634342193604, 0.08783640712499619, 0.16073720157146454, 0.41624483466148376, 0.33075645565986633, 0.441510945558548, 0.18422101438045502, 0.2797589898109436, 0.3376290500164032, 0.10532337427139282, 0.09964694082736969, 0.41891857981681824, 0.11790108680725098, 0.21924170851707458, 0.1582888662815094, 0.16870002448558807, 0.28233495354652405, 0.4254050552845001, 0.1826743334531784, 0.124057836830616, 0.1528155356645584, 0.265622079372406, 0.12183347344398499, 0.2741242051124573, 0.2460285723209381, 0.2663971483707428, 0.3760053217411041, 0.2070036083459854, 0.1560869663953781, 0.1482757180929184, 0.2994422912597656, 0.23720403015613556, 0.4497884213924408, 0.3601691722869873, 0.3376314342021942, 0.20757558941841125, 0.25613707304000854, 0.10538588464260101, 0.22946880757808685, 0.20557722449302673, 0.22613635659217834, 0.21791188418865204, 0.1801275908946991, 0.20213918387889862, 0.435397744178772, 0.10283069312572479]
AUC is: 0.8748299319727891
y_true: [0, 1, 1, 0, 0, 0, 0, 0, 0, 1, 0, 0, 0, 1, 0, 1, 0, 1, 0, 0, 0, 0, 0, 0, 1, 0, 1, 0, 0, 0, 0, 0, 1, 1, 0, 1, 1, 1, 1, 0, 0, 0, 1, 0, 0, 0, 1, 0, 1, 1, 0, 0, 1, 1, 1, 0, 1, 0, 0, 0, 0, 0, 0, 0]
y_score: [0.14094865322113037, 0.2832864820957184, 0.30072271823883057, 0.21801266074180603, 0.37713199853897095, 0.320222944021225, 0.10262031108140945, 0.3583792746067047, 0.25177139043807983, 0.4180743992328644, 0.10946333408355713, 0.22888121008872986, 0.17812637984752655, 0.4832412004470825, 0.10103162378072739, 0.22992998361587524, 0.20680472254753113, 0.3557181656360626, 0.1702575832605362, 0.10137484222650528, 0.20123296976089478, 0.31176021695137024, 0.18596208095550537, 0.07645566016435623, 0.29727065563201904, 0.13206559419631958, 0.3400036096572876, 0.17126721143722534, 0.2718144357204437, 0.16245092451572418, 0.13869599997997284, 0.10717786848545074, 0.5296470522880554, 0.4086974859237671, 0.26983264088630676, 0.5166590809822083, 0.3484957218170166, 0.49922382831573486, 0.4413636028766632, 0.0946393832564354, 0.3436265289783478, 0.06608737260103226, 0.434436172246933, 0.07894726097583771, 0.09565796703100204, 0.2487417310476303, 0.4208638072013855, 0.24562078714370728, 0.30748164653778076, 0.2598172724246979, 0.2944510281085968, 0.3704313635826111, 0.3484053611755371, 0.3711799383163452, 0.33457067608833313, 0.18452100455760956, 0.48364245891571045, 0.2511322796344757, 0.11389680206775665, 0.15379194915294647, 0.22669492661952972, 0.28357455134391785, 0.17522042989730835, 0.18484826385974884]
AUC is: 0.9264069264069266
y_true: [0, 0, 1, 0, 0, 0, 0, 0, 1, 0, 0, 1, 0, 0, 0, 0, 0, 0, 1, 1, 0, 1, 0, 1, 1, 0, 1, 0, 0, 0, 1, 1, 1, 0, 0, 0, 1, 1, 1, 0, 0, 0, 0, 1, 1, 1, 0, 0, 0, 0, 1, 0, 0, 0, 0, 0, 0, 1, 0, 0, 0, 0, 0, 0]
y_score: [0.14316903054714203, 0.28894686698913574, 0.2783401310443878, 0.14270588755607605, 0.1699628084897995, 0.16096407175064087, 0.10735946893692017, 0.09323729574680328, 0.3232955038547516, 0.21368353068828583, 0.22457924485206604, 0.38846829533576965, 0.11434217542409897, 0.45983564853668213, 0.20292389392852783, 0.11950307339429855, 0.11251174658536911, 0.322818398475647, 0.36744099855422974, 0.2596222460269928, 0.2182033210992813, 0.24067960679531097, 0.27112990617752075, 0.24071235954761505, 0.40665221214294434, 0.16343484818935394, 0.2764282524585724, 0.2993253171443939, 0.06616830825805664, 0.20027324557304382, 0.26675570011138916, 0.4042172133922577, 0.46282848715782166, 0.37125012278556824, 0.3696540594100952, 0.11947596818208694, 0.40121105313301086, 0.40010103583335876, 0.4334260821342468, 0.18614600598812103, 0.23445263504981995, 0.07221539318561554, 0.09387833625078201, 0.45058998465538025, 0.11456126719713211, 0.34099623560905457, 0.37907496094703674, 0.2242060899734497, 0.23286603391170502, 0.17342302203178406, 0.22531209886074066, 0.15937012434005737, 0.04822476953268051, 0.13323776423931122, 0.27159109711647034, 0.17123067378997803, 0.2267807424068451, 0.2740592360496521, 0.37491220235824585, 0.10107769817113876, 0.07256150990724564, 0.13051775097846985, 0.2708345949649811, 0.12827597558498383]
AUC is: 0.8431818181818181
y_true: [0, 0, 0, 1, 1, 1, 0, 0, 0, 1, 0, 1, 0, 0, 0, 0, 0, 0, 1, 0, 0, 0, 1, 1, 0, 0, 0, 0, 0, 0, 1, 1, 0, 1, 1, 0, 0, 1, 1, 0, 1, 0, 1, 1, 0, 0, 0, 0, 0, 0, 0, 0]
y_score: [0.19410981237888336, 0.2267974317073822, 0.3900580108165741, 0.24313531816005707, 0.3939031958580017, 0.4604363441467285, 0.18069154024124146, 0.0881408303976059, 0.17199227213859558, 0.12948274612426758, 0.282586008310318, 0.30369627475738525, 0.15302422642707825, 0.2553270757198334, 0.1897207796573639, 0.16864316165447235, 0.22658012807369232, 0.18471749126911163, 0.24149292707443237, 0.07847755402326584, 0.23569977283477783, 0.30394238233566284, 0.287876695394516, 0.28605762124061584, 0.36754316091537476, 0.18000617623329163, 0.10593774914741516, 0.0906066820025444, 0.23104731738567352, 0.033730678260326385, 0.35980236530303955, 0.33069881796836853, 0.2146586924791336, 0.16653886437416077, 0.42523497343063354, 0.29646652936935425, 0.23255302011966705, 0.4753611087799072, 0.4159575402736664, 0.136099174618721, 0.3862638771533966, 0.16860710084438324, 0.2937150001525879, 0.28877899050712585, 0.18673984706401825, 0.46677541732788086, 0.22427234053611755, 0.20148292183876038, 0.22254988551139832, 0.3066876232624054, 0.27019986510276794, 0.35124117136001587]
AUC is: 0.7899159663865547
