y_true: [1, 0, 0, 0, 0, 1, 0, 1, 0, 0, 1, 0, 0, 1, 1, 0, 0, 1, 0, 0, 0, 0, 0, 1, 0, 0, 0, 0, 0, 1, 0, 1, 0, 1, 0, 0, 0, 0, 0, 0, 0, 0, 0, 0, 0, 0, 0, 0, 1, 0, 1, 1, 1, 0, 1, 0, 0, 0, 0, 0, 1, 0, 0, 1]
y_score: [0.9852405786514282, 0.0012316064676269889, 0.009250844828784466, 0.05854443088173866, 0.507927656173706, 0.39904505014419556, 0.007086409255862236, 0.9608446359634399, 0.0012823502765968442, 0.07393082976341248, 0.8336978554725647, 0.021160807460546494, 0.02093888819217682, 0.6790676116943359, 0.9646387696266174, 0.12776759266853333, 0.057152967900037766, 0.9819812178611755, 0.010199184529483318, 0.06523625552654266, 0.06791442632675171, 0.10660410672426224, 0.00995350256562233, 0.9600873589515686, 0.06930000334978104, 0.0027137387078255415, 0.3029768168926239, 0.05516640841960907, 0.006889344658702612, 0.8090223073959351, 0.0007671625935472548, 0.9634197950363159, 0.006758903153240681, 0.9175297021865845, 0.520112156867981, 0.013188811019062996, 0.08922017365694046, 0.12195564061403275, 0.008659646846354008, 0.6484509706497192, 0.055743712931871414, 0.013015732169151306, 0.23184791207313538, 0.11545413732528687, 0.09726532548666, 0.014187156222760677, 0.18724235892295837, 0.057267043739557266, 0.7724288105964661, 0.6088382601737976, 0.9862961769104004, 0.34134894609451294, 0.44921454787254333, 0.02338758297264576, 0.9508455991744995, 0.3772076964378357, 0.07813099026679993, 0.007985810749232769, 0.2025851309299469, 0.005478427745401859, 0.9804298877716064, 0.0005036963848397136, 0.0003208438283763826, 0.8707023859024048]
AUC is: 0.9842995169082125
y_true: [1, 0, 0, 1, 1, 1, 0, 0, 1, 1, 0, 1, 0, 0, 0, 0, 1, 0, 0, 1, 0, 1, 0, 0, 0, 0, 1, 1, 0, 1, 0, 1, 1, 0, 1, 1, 0, 0, 0, 1, 0, 0, 0, 1, 0, 1, 1, 0, 0, 1, 0, 0, 0, 0, 1, 1, 0, 0, 0, 0, 1, 0, 1, 1]
y_score: [0.8867668509483337, 0.021260783076286316, 0.7620785236358643, 0.9246920347213745, 0.9900252819061279, 0.952527642250061, 0.019671684131026268, 0.0003475405101198703, 0.9859717488288879, 0.5222303867340088, 0.30345892906188965, 0.9973624348640442, 0.23418772220611572, 0.009874404408037663, 0.014070785604417324, 0.008169923909008503, 0.6449462175369263, 0.11374400556087494, 0.18859992921352386, 0.9723002314567566, 0.006186856888234615, 0.8192694187164307, 0.05053725093603134, 0.012253182008862495, 0.7458941340446472, 0.01901473104953766, 0.20555415749549866, 0.721210777759552, 0.0010526231490075588, 0.8557813763618469, 0.047568704932928085, 0.17347431182861328, 0.9297568798065186, 0.19793836772441864, 0.8727965354919434, 0.7872930765151978, 0.1283637136220932, 0.40619876980781555, 0.004079662263393402, 0.6312545537948608, 0.40169498324394226, 0.294598251581192, 0.07709614187479019, 0.9738145470619202, 0.02635619230568409, 0.6900851130485535, 0.28454357385635376, 0.0013053591828793287, 0.3878338038921356, 0.9753881096839905, 0.25650912523269653, 0.023684626445174217, 0.010506433434784412, 0.03795353323221207, 0.6552685499191284, 0.9054052829742432, 0.014936842024326324, 0.02460063248872757, 0.17811641097068787, 0.022530265152454376, 0.9850056767463684, 0.017556078732013702, 0.8501632213592529, 0.9001954197883606]
AUC is: 0.95995995995996
y_true: [0, 0, 0, 1, 1, 0, 0, 0, 0, 0, 0, 0, 0, 0, 0, 0, 0, 0, 0, 0, 0, 0, 1, 0, 0, 0, 1, 1, 1, 1, 0, 0, 1, 1, 0, 0, 0, 0, 1, 0, 0, 0, 0, 0, 0, 0, 0, 1, 0, 0, 1, 0, 0, 1, 0, 1, 0, 0, 0, 0, 0, 1, 0, 0]
y_score: [0.0005546960164792836, 0.0068698544055223465, 0.068258136510849, 0.45200905203819275, 0.15037527680397034, 0.32030436396598816, 0.05927804857492447, 0.06086192652583122, 0.0071511054411530495, 0.039006780833005905, 0.0025896490551531315, 0.08546862006187439, 0.5348653793334961, 0.002704330487176776, 0.12973740696907043, 0.024888698011636734, 0.04907580837607384, 0.03298398479819298, 0.1370396912097931, 0.08848831802606583, 0.3046683073043823, 0.19072547554969788, 0.5507904291152954, 0.0012683626264333725, 0.03820551931858063, 0.0051397052593529224, 0.5989433526992798, 0.4500123858451843, 0.6166934370994568, 0.3544948399066925, 0.32773157954216003, 0.0003156191960442811, 0.26063981652259827, 0.3102637827396393, 0.0024165203794837, 0.014249156229197979, 0.01588904857635498, 0.004079319536685944, 0.7893390655517578, 0.019411560148000717, 0.23781214654445648, 0.01092815212905407, 0.43760302662849426, 0.002886558650061488, 0.0008382363594137132, 0.005015425384044647, 0.07419674098491669, 0.966401219367981, 0.1315148025751114, 0.0016019437462091446, 0.713714063167572, 0.10448411107063293, 0.7673631906509399, 0.7505954504013062, 0.5112540125846863, 0.9529924392700195, 0.01402965933084488, 0.010921373032033443, 0.0459165945649147, 0.9518516063690186, 0.07186746597290039, 0.9799639582633972, 0.0022962738294154406, 0.043140679597854614]
AUC is: 0.9333333333333333
y_true: [1, 0, 1, 0, 1, 0, 0, 1, 1, 1, 1, 0, 0, 0, 0, 1, 1, 1, 0, 0, 0, 0, 0, 0, 0, 1, 0, 1, 1, 0, 1, 0, 0, 1, 0, 1, 1, 1, 1, 1, 0, 0, 0, 1, 1, 0, 1, 0, 0, 1, 1, 0, 1, 0, 0, 0, 0, 1, 0, 1, 0, 0, 0, 0]
y_score: [0.9841980338096619, 0.002070100512355566, 0.9601614475250244, 0.16823698580265045, 0.9771043658256531, 0.004085682798177004, 0.030674658715724945, 0.33414044976234436, 0.9970303773880005, 0.8806136250495911, 0.7725262641906738, 0.004551577381789684, 0.004913168493658304, 0.03549785912036896, 0.07886432856321335, 0.12953658401966095, 0.8544766306877136, 0.7716270089149475, 0.015656491741538048, 0.2201472520828247, 0.00036873176577501, 0.009881802834570408, 0.09027978777885437, 0.010762985795736313, 0.7377737760543823, 0.7884870171546936, 0.10156581550836563, 0.9882780909538269, 0.9253570437431335, 0.01434293296188116, 0.2591473460197449, 0.0004220374394208193, 0.04820326343178749, 0.822155237197876, 0.35506632924079895, 0.9944875836372375, 0.9946010112762451, 0.7714501619338989, 0.27633824944496155, 0.08583740144968033, 0.006950792390853167, 0.02089153230190277, 0.0021401005797088146, 0.9570745229721069, 0.779093325138092, 0.19813039898872375, 0.9726654291152954, 0.003737472929060459, 0.004510498605668545, 0.7464061379432678, 0.728003740310669, 0.5999699831008911, 0.30677494406700134, 0.001289428910240531, 0.017301643267273903, 0.028648721054196358, 0.05502628907561302, 0.26079902052879333, 0.0010348333744332194, 0.7380847334861755, 0.005893453024327755, 0.019390234723687172, 0.3789323568344116, 0.00022514452575705945]
AUC is: 0.9632936507936508
y_true: [0, 0, 1, 0, 1, 0, 0, 0, 0, 1, 0, 0, 0, 0, 0, 0, 1, 0, 0, 0, 0, 1, 0, 1, 0, 0, 0, 0, 0, 1, 0, 0, 0, 0, 1, 1, 1, 0, 0, 0, 0, 1, 0, 0, 0, 0, 0, 0, 1, 0, 1, 1, 0, 0, 0, 0, 0, 0, 0, 0, 0, 0, 1, 0]
y_score: [0.005933497101068497, 0.003020899137482047, 0.2563883662223816, 0.0526931956410408, 0.6324273943901062, 0.24338753521442413, 0.8406378030776978, 0.0022862497717142105, 0.0031154451426118612, 0.8977130651473999, 0.44856834411621094, 0.006965865846723318, 0.018821028992533684, 0.0017790653510019183, 0.009691134095191956, 0.01790524274110794, 0.8447918891906738, 0.03605467453598976, 0.35572555661201477, 0.001680007902905345, 0.015012661926448345, 0.9673476815223694, 0.8285577893257141, 0.9180352091789246, 0.06701622158288956, 0.07574203610420227, 0.3242068290710449, 0.0030313683673739433, 0.0026929413434118032, 0.9839808344841003, 0.010029902681708336, 0.4333396553993225, 0.00669143907725811, 0.01569230668246746, 0.40918177366256714, 0.9574148058891296, 0.04987047240138054, 0.0030468993354588747, 0.010887823067605495, 0.08981681615114212, 0.002048359252512455, 0.19035327434539795, 0.20293237268924713, 0.4422118365764618, 0.8725280165672302, 0.1557551622390747, 0.0072454726323485374, 0.07950566709041595, 0.7899748682975769, 0.21264596283435822, 0.8312764763832092, 0.7734154462814331, 0.009084741584956646, 0.007856205105781555, 0.3171274662017822, 0.005484173074364662, 0.2400846928358078, 0.057595428079366684, 0.21880242228507996, 0.05146123841404915, 0.014141838066279888, 0.039472442120313644, 0.9827086925506592, 0.005531419068574905]
AUC is: 0.9142857142857143
y_true: [0, 1, 1, 0, 0, 0, 0, 0, 0, 1, 0, 0, 0, 1, 0, 1, 0, 1, 0, 0, 0, 0, 0, 0, 1, 0, 1, 0, 0, 0, 0, 0, 1, 1, 0, 1, 1, 1, 1, 0, 0, 0, 1, 0, 0, 0, 1, 0, 1, 1, 0, 0, 1, 1, 1, 0, 1, 0, 0, 0, 0, 0, 0, 0]
y_score: [0.0038518086075782776, 0.6558369398117065, 0.79024738073349, 0.09532492607831955, 0.48469093441963196, 0.09912744164466858, 0.0019549548160284758, 0.8524520397186279, 0.27178922295570374, 0.9491152763366699, 0.004965230356901884, 0.05698297172784805, 0.03052704408764839, 0.9645777940750122, 0.0063231028616428375, 0.5020158290863037, 0.005835298448801041, 0.8064466714859009, 0.12814961373806, 0.003413090482354164, 0.04477372765541077, 0.037645891308784485, 0.006488199811428785, 0.0007393498090095818, 0.764240026473999, 0.005942899733781815, 0.6762899160385132, 0.06559504568576813, 0.140614315867424, 0.06210911273956299, 0.002424576785415411, 0.0018690397264435887, 0.9893648624420166, 0.9667139649391174, 0.6130708456039429, 0.9965900182723999, 0.6394840478897095, 0.9805132746696472, 0.9606903791427612, 0.0020717789884656668, 0.2050447016954422, 0.0007891135755926371, 0.9377620816230774, 0.0010665076551958919, 0.0023788700345903635, 0.08122000098228455, 0.9378952383995056, 0.055635906755924225, 0.6938170194625854, 0.4824865758419037, 0.029631946235895157, 0.3266444802284241, 0.8060986399650574, 0.9621636867523193, 0.9265071749687195, 0.096575528383255, 0.9882733225822449, 0.05051937326788902, 0.002982362871989608, 0.021158959716558456, 0.043574798852205276, 0.2789047360420227, 0.125177264213562, 0.03566763550043106]
AUC is: 0.985930735930736
y_true: [0, 0, 1, 0, 0, 0, 0, 0, 1, 0, 0, 1, 0, 0, 0, 0, 0, 0, 1, 1, 0, 1, 0, 1, 1, 0, 1, 0, 0, 0, 1, 1, 1, 0, 0, 0, 1, 1, 1, 0, 0, 0, 0, 1, 1, 1, 0, 0, 0, 0, 1, 0, 0, 0, 0, 0, 0, 1, 0, 0, 0, 0, 0, 0]
y_score: [0.037514109164476395, 0.42773348093032837, 0.7706062197685242, 0.05351065471768379, 0.05059528350830078, 0.06250251084566116, 0.0054996986873447895, 0.0005980153800919652, 0.6311827301979065, 0.09190703183412552, 0.04008752852678299, 0.9809082746505737, 0.0026133947540074587, 0.9452691674232483, 0.036959122866392136, 0.02160860411822796, 0.0049784500151872635, 0.9620102047920227, 0.9710221886634827, 0.6989494562149048, 0.49192243814468384, 0.7327647805213928, 0.41352182626724243, 0.6426360607147217, 0.9027522802352905, 0.018748322501778603, 0.7993572950363159, 0.08925708383321762, 0.0007089990540407598, 0.038395561277866364, 0.19466567039489746, 0.9130783677101135, 0.9533828496932983, 0.42030400037765503, 0.2231147140264511, 0.004845055285841227, 0.7519940733909607, 0.6775455474853516, 0.966597855091095, 0.0332784466445446, 0.10954158008098602, 0.001293974812142551, 0.0012245065299794078, 0.9937321543693542, 0.030213680118322372, 0.6894769668579102, 0.8175668120384216, 0.20577649772167206, 0.026933051645755768, 0.029007472097873688, 0.2328074723482132, 0.0164265725761652, 0.0002938815450761467, 0.021005086600780487, 0.2617514431476593, 0.022608470171689987, 0.24268147349357605, 0.8646033406257629, 0.8823496699333191, 0.003896403592079878, 0.001633519888855517, 0.04939192533493042, 0.19811688363552094, 0.006490290630608797]
AUC is: 0.8954545454545454
y_true: [0, 0, 0, 1, 1, 1, 0, 0, 0, 1, 0, 1, 0, 0, 0, 0, 0, 0, 1, 0, 0, 0, 1, 1, 0, 0, 0, 0, 0, 0, 1, 1, 0, 1, 1, 0, 0, 1, 1, 0, 1, 0, 1, 1, 0, 0, 0, 0, 0, 0, 0, 0]
y_score: [0.027268061414361, 0.22372524440288544, 0.5349146723747253, 0.5524519085884094, 0.8142062425613403, 0.9705573916435242, 0.011664657853543758, 0.002159889554604888, 0.011726520024240017, 0.042273182421922684, 0.43612927198410034, 0.34338515996932983, 0.02211862988770008, 0.2922460436820984, 0.016259005293250084, 0.00868770107626915, 0.018292242661118507, 0.08299589157104492, 0.36767640709877014, 0.0014002554817125201, 0.5813053250312805, 0.07936305552721024, 0.10174593329429626, 0.4477557837963104, 0.21352891623973846, 0.01863049529492855, 0.0019522608490660787, 0.003994335420429707, 0.12534478306770325, 6.249555735848844e-05, 0.866802453994751, 0.7859969139099121, 0.29170817136764526, 0.09996484965085983, 0.9573378562927246, 0.17000354826450348, 0.010876711457967758, 0.9942809343338013, 0.9602224230766296, 0.006384010426700115, 0.8680068850517273, 0.014123775064945221, 0.49834543466567993, 0.6745545268058777, 0.011296979151666164, 0.8848738670349121, 0.0356968529522419, 0.01623101532459259, 0.03887483850121498, 0.19586144387722015, 0.5228233337402344, 0.38119179010391235]
AUC is: 0.8857142857142857
