y_true: [0, 1, 1, 0, 0, 0, 0, 0, 1, 0, 0, 1, 0, 0, 0, 1, 0, 0, 0, 0, 0, 0, 1, 0, 0, 1, 1, 1, 0, 0, 1, 0, 1, 0, 0, 1, 1, 0, 1, 0, 0, 0, 1, 0, 0, 0, 1, 0, 0, 0, 0, 0, 0, 1, 0, 0, 0, 0, 1, 1, 0, 1, 1, 0]
y_score: [0.5659608244895935, 0.9999433755874634, 0.9950737357139587, 0.334248811006546, 0.34964123368263245, 0.523792564868927, 0.8375087380409241, 0.3662349581718445, 0.9999197721481323, 0.6283352375030518, 0.37577712535858154, 0.9932750463485718, 0.9761947989463806, 0.5519673824310303, 0.6000086069107056, 0.9592715501785278, 0.3161832392215729, 0.3658284842967987, 0.3775864243507385, 0.31185194849967957, 0.6919545531272888, 0.3620757758617401, 0.9973527193069458, 0.41161468625068665, 0.32132861018180847, 0.9996850490570068, 0.930680513381958, 0.9500481486320496, 0.6283826231956482, 0.9642096161842346, 0.9999411106109619, 0.7744519710540771, 0.9991726279258728, 0.6974149942398071, 0.3538544476032257, 0.7761812806129456, 0.9652460813522339, 0.7375210523605347, 0.989926815032959, 0.3613725006580353, 0.38182517886161804, 0.49647051095962524, 0.9610781073570251, 0.5401537418365479, 0.6478692293167114, 0.5697131156921387, 0.9701274633407593, 0.37459778785705566, 0.3852728605270386, 0.364030659198761, 0.4020202159881592, 0.9493755102157593, 0.5980044007301331, 0.9914214015007019, 0.662122368812561, 0.3309192359447479, 0.9144706130027771, 0.2971644103527069, 0.9721189737319946, 0.9991455078125, 0.4451029896736145, 0.9999284744262695, 0.9999921321868896, 0.6522825360298157]
AUC is: 0.9811738648947952
y_true: [0, 1, 1, 0, 0, 0, 0, 1, 0, 0, 0, 0, 1, 0, 1, 0, 0, 1, 0, 0, 0, 0, 0, 1, 0, 0, 0, 0, 1, 0, 0, 0, 0, 1, 0, 0, 0, 0, 0, 0, 1, 0, 0, 0, 0, 0, 0, 1, 0, 0, 0, 0, 0, 0, 0, 0, 1, 0, 0, 0, 0, 1, 0, 0]
y_score: [0.3928389549255371, 0.9468899369239807, 0.956064760684967, 0.3662940561771393, 0.4763604700565338, 0.4265558123588562, 0.9377782344818115, 0.9999585151672363, 0.439920037984848, 0.3934718072414398, 0.3761909604072571, 0.43734633922576904, 0.8848111033439636, 0.4391821324825287, 0.9864387512207031, 0.3195779025554657, 0.37139302492141724, 0.9907863140106201, 0.3936658501625061, 0.4725377857685089, 0.9651237726211548, 0.6312075257301331, 0.44657909870147705, 0.9976692795753479, 0.6223744750022888, 0.386605829000473, 0.7089499235153198, 0.41689053177833557, 0.9996768236160278, 0.3656378984451294, 0.3166668117046356, 0.9331386089324951, 0.7827231287956238, 0.9207712411880493, 0.4534687101840973, 0.8817972540855408, 0.33914077281951904, 0.32277005910873413, 0.26517611742019653, 0.429287314414978, 0.9760329723358154, 0.8268502950668335, 0.3530427813529968, 0.6383534669876099, 0.5829805731773376, 0.3506089448928833, 0.688178300857544, 0.9997560381889343, 0.4744301438331604, 0.5270970463752747, 0.6945605874061584, 0.5524378418922424, 0.7596001029014587, 0.9364098906517029, 0.9825549125671387, 0.6682721972465515, 0.998543381690979, 0.5634474158287048, 0.38311973214149475, 0.4902186691761017, 0.4412778913974762, 0.9965954422950745, 0.6761075258255005, 0.5346148014068604]
AUC is: 0.9773755656108597
y_true: [1, 1, 1, 0, 0, 0, 0, 0, 0, 1, 1, 0, 0, 0, 0, 0, 0, 0, 0, 0, 0, 0, 0, 1, 1, 1, 0, 0, 0, 0, 0, 1, 0, 0, 1, 0, 1, 1, 0, 1, 1, 0, 0, 1, 1, 0, 1, 0, 0, 1, 0, 0, 0, 0, 1, 0, 1, 1, 0, 0, 0, 0, 1, 1]
y_score: [0.9983092546463013, 0.9979122281074524, 0.7774233818054199, 0.473682701587677, 0.9661046862602234, 0.4982452094554901, 0.8816293478012085, 0.5086532235145569, 0.3115880489349365, 0.993749737739563, 0.9998780488967896, 0.3444693982601166, 0.4666847586631775, 0.5131201148033142, 0.9300997853279114, 0.32777711749076843, 0.36357027292251587, 0.963151752948761, 0.5161699056625366, 0.31546440720558167, 0.34080255031585693, 0.33963483572006226, 0.9607213735580444, 0.9999550580978394, 0.983076810836792, 0.999037504196167, 0.8407126665115356, 0.534091591835022, 0.9592148065567017, 0.8726568818092346, 0.48044008016586304, 0.9999504089355469, 0.7883198261260986, 0.49343788623809814, 0.9999227523803711, 0.9891290664672852, 0.9950384497642517, 0.994562566280365, 0.4153349697589874, 0.9976381063461304, 0.8376911878585815, 0.48820558190345764, 0.3400629460811615, 0.9996902942657471, 0.9996780157089233, 0.9133079051971436, 0.9019335508346558, 0.4010719656944275, 0.9707353711128235, 0.9985151886940002, 0.36694976687431335, 0.3538213074207306, 0.4909420609474182, 0.42310115694999695, 0.9439060091972351, 0.39358803629875183, 0.9973069429397583, 0.9972391128540039, 0.5220035314559937, 0.40446144342422485, 0.8181967735290527, 0.45244455337524414, 0.9994014501571655, 0.9949895739555359]
AUC is: 0.9586426299045598
y_true: [0, 1, 0, 0, 0, 1, 1, 0, 0, 0, 0, 1, 1, 0, 0, 0, 0, 0, 1, 1, 1, 0, 0, 1, 0, 0, 0, 0, 0, 1, 0, 1, 0, 0, 0, 0, 0, 0, 0, 0, 1, 1, 1, 0, 0, 0, 0, 1, 1, 0, 0, 0, 0, 1, 0, 0, 0, 0, 1, 0, 1, 1, 0, 1]
y_score: [0.5394372344017029, 0.9999504089355469, 0.5078781843185425, 0.3631671369075775, 0.5058625340461731, 0.9939144253730774, 0.9911113381385803, 0.8570052981376648, 0.4120450019836426, 0.8595415353775024, 0.5820953845977783, 0.999923586845398, 0.9854273796081543, 0.3164575397968292, 0.8345348834991455, 0.9158740043640137, 0.722599446773529, 0.48821473121643066, 0.9965832829475403, 0.8993484377861023, 0.999958872795105, 0.3794080913066864, 0.40704482793807983, 0.9981295466423035, 0.4171208143234253, 0.3700105547904968, 0.8095783591270447, 0.5279287099838257, 0.8442440629005432, 0.9994545578956604, 0.889611542224884, 0.9998747110366821, 0.9316501617431641, 0.7603721618652344, 0.9512572884559631, 0.38160446286201477, 0.43355825543403625, 0.5141675472259521, 0.8143807649612427, 0.9633842706680298, 0.9972885847091675, 0.9955416321754456, 0.9995132684707642, 0.4708760678768158, 0.7130089998245239, 0.37451061606407166, 0.44954875111579895, 0.9994528889656067, 0.9990271329879761, 0.39717403054237366, 0.8831498622894287, 0.5734056234359741, 0.8085198998451233, 0.9999488592147827, 0.7130131721496582, 0.3259624242782593, 0.5813854932785034, 0.4100932478904724, 0.9999291896820068, 0.7765508890151978, 0.9995887875556946, 0.997296154499054, 0.37614545226097107, 0.9999179840087891]
AUC is: 0.9955703211517165
y_true: [1, 1, 0, 0, 0, 1, 0, 1, 1, 0, 0, 1, 1, 1, 1, 1, 0, 0, 0, 1, 0, 0, 1, 0, 1, 1, 0, 1, 1, 0, 1, 0, 1, 1, 0, 0, 0, 0, 0, 0, 1, 0, 1, 0, 1, 0, 0, 0, 0, 0, 0, 0, 0, 0, 1, 1, 0, 1, 0, 0, 0, 1, 0, 1]
y_score: [0.9992610812187195, 0.9991238713264465, 0.9704979658126831, 0.3192073702812195, 0.9447330832481384, 0.9521501064300537, 0.3627537786960602, 0.9998255372047424, 0.9996833801269531, 0.6198848485946655, 0.35487818717956543, 0.9969252943992615, 0.9599578380584717, 0.9993870258331299, 0.9966567754745483, 0.9664657711982727, 0.6202337145805359, 0.4092584252357483, 0.32409682869911194, 0.9990736246109009, 0.8368774056434631, 0.49764785170555115, 0.9460169076919556, 0.36247560381889343, 0.9929664134979248, 0.8346993923187256, 0.335603803396225, 0.9807283282279968, 0.9984833598136902, 0.4136260747909546, 0.9997361302375793, 0.844725489616394, 0.9968805313110352, 0.9898542761802673, 0.7213195562362671, 0.5099953413009644, 0.9947595000267029, 0.6918230056762695, 0.8992667198181152, 0.4567635953426361, 0.996062695980072, 0.48299577832221985, 0.9373651146888733, 0.5376290082931519, 0.8310200572013855, 0.8857234716415405, 0.9982826709747314, 0.763729453086853, 0.4993918836116791, 0.7378789782524109, 0.39613398909568787, 0.4065333902835846, 0.3367847502231598, 0.2657800316810608, 0.9931941032409668, 0.9994032382965088, 0.7870648503303528, 0.9742374420166016, 0.5420896410942078, 0.9393224716186523, 0.4893259108066559, 0.9722246527671814, 0.7089797258377075, 0.999816358089447]
AUC is: 0.948948948948949
y_true: [1, 0, 0, 0, 0, 0, 1, 1, 1, 0, 0, 0, 1, 0, 1, 0, 0, 0, 0, 1, 0, 0, 0, 1, 0, 1, 0, 1, 0, 0, 1, 1, 0, 0, 0, 0, 0, 0, 0, 1, 0, 1, 0, 1, 1, 0, 0, 0, 0, 0, 0, 0, 0, 0, 0, 1, 0, 0, 1, 1, 1, 1, 1, 0]
y_score: [0.9996203184127808, 0.7937407493591309, 0.6382339000701904, 0.70099937915802, 0.34183815121650696, 0.3338426649570465, 0.9995139837265015, 0.6165388226509094, 0.9000070095062256, 0.716974675655365, 0.7617228031158447, 0.5490071773529053, 0.9974595904350281, 0.3573355972766876, 0.9987958669662476, 0.8009496331214905, 0.28473955392837524, 0.44857022166252136, 0.8984767198562622, 0.99128258228302, 0.7793765664100647, 0.3355187177658081, 0.33712273836135864, 0.9994888305664062, 0.8025514483451843, 0.997772753238678, 0.4521865248680115, 0.9945218563079834, 0.6562296152114868, 0.9655494689941406, 0.9994111061096191, 0.9988245368003845, 0.3624551594257355, 0.623167097568512, 0.8758023977279663, 0.38267311453819275, 0.43677809834480286, 0.3695641756057739, 0.36887454986572266, 0.9987732768058777, 0.3530217111110687, 0.9998874664306641, 0.36885058879852295, 0.9999840259552002, 0.9997825026512146, 0.4015463888645172, 0.3692306578159332, 0.3623181879520416, 0.5355983376502991, 0.8808244466781616, 0.3169269859790802, 0.3579005002975464, 0.5083224177360535, 0.4934632182121277, 0.5138744711875916, 0.9964011907577515, 0.4454358220100403, 0.3865438997745514, 0.9992176294326782, 0.9850795865058899, 0.967790961265564, 0.9050848484039307, 0.9943060278892517, 0.682283878326416]
AUC is: 0.9816017316017316
y_true: [0, 0, 0, 1, 1, 1, 1, 1, 0, 1, 0, 0, 1, 0, 0, 0, 0, 1, 0, 0, 1, 0, 0, 0, 0, 0, 0, 0, 1, 0, 0, 0, 0, 0, 0, 1, 0, 0, 0, 1, 0, 1, 1, 0, 0, 0, 0, 1, 0, 1, 0, 0, 1, 1, 1, 0, 0, 0, 0, 1, 1, 0, 1, 1]
y_score: [0.8758699893951416, 0.3880065381526947, 0.5925116539001465, 0.9931561350822449, 0.9835779666900635, 0.993343710899353, 0.9996562004089355, 0.9998015761375427, 0.5424997210502625, 0.9962604641914368, 0.48073530197143555, 0.42706528306007385, 0.9997236132621765, 0.3580739200115204, 0.3611886501312256, 0.9390338063240051, 0.5995832681655884, 0.8081235885620117, 0.48984211683273315, 0.7168481945991516, 0.9953604340553284, 0.8578933477401733, 0.7293196320533752, 0.848506510257721, 0.39139699935913086, 0.6845477819442749, 0.5529946684837341, 0.46950581669807434, 0.9998769760131836, 0.868301510810852, 0.9010694622993469, 0.4137558043003082, 0.5351276993751526, 0.35813599824905396, 0.3347424268722534, 0.999100923538208, 0.3717961013317108, 0.3670414686203003, 0.3719366490840912, 0.8494240045547485, 0.6042392253875732, 0.9994831085205078, 0.9992218017578125, 0.5200552344322205, 0.980575442314148, 0.46522608399391174, 0.42739611864089966, 0.9495580196380615, 0.3869785666465759, 0.9942173957824707, 0.9302204251289368, 0.9598851203918457, 0.9999878406524658, 0.9979017972946167, 0.6856017708778381, 0.8410283923149109, 0.819220781326294, 0.8791700601577759, 0.3663902282714844, 0.9998132586479187, 0.9998370409011841, 0.949550986289978, 0.7355553507804871, 0.8170837759971619]
AUC is: 0.9300106044538706
y_true: [0, 0, 0, 0, 0, 0, 1, 1, 1, 0, 1, 0, 1, 0, 0, 0, 0, 1, 0, 1, 0, 0, 0, 0, 0, 1, 1, 1, 1, 1, 0, 0, 1, 0, 0, 0, 0, 0, 0, 0, 0, 1, 0, 0, 1, 0, 0, 1, 0, 1, 0, 0]
y_score: [0.33906352519989014, 0.8090803623199463, 0.3423362076282501, 0.8085196614265442, 0.37199339270591736, 0.39077672362327576, 0.990234375, 0.9997367262840271, 0.9987397789955139, 0.9931514263153076, 0.860178530216217, 0.4871050715446472, 0.9788631796836853, 0.5375577807426453, 0.4248332679271698, 0.48814183473587036, 0.3588264584541321, 0.9993841648101807, 0.7209581136703491, 0.992224931716919, 0.6334757804870605, 0.3736964762210846, 0.46161335706710815, 0.9063182473182678, 0.37128621339797974, 0.9878730773925781, 0.9996366500854492, 0.9993035793304443, 0.8587123155593872, 0.9999966621398926, 0.6362300515174866, 0.8272842764854431, 0.8888100385665894, 0.6406317353248596, 0.43928349018096924, 0.35029590129852295, 0.33554965257644653, 0.49549999833106995, 0.3812110722064972, 0.3983648717403412, 0.36994725465774536, 0.9975628852844238, 0.6133319139480591, 0.5526044368743896, 0.997565746307373, 0.3502386510372162, 0.39232581853866577, 0.9976503252983093, 0.3950338363647461, 0.830389142036438, 0.8980875015258789, 0.38160595297813416]
AUC is: 0.973109243697479
