y_true: [1, 0, 0, 0, 0, 1, 0, 1, 0, 0, 1, 0, 0, 1, 1, 0, 0, 1, 0, 0, 0, 0, 0, 1, 0, 0, 0, 0, 0, 1, 0, 1, 0, 1, 0, 0, 0, 0, 0, 0, 0, 0, 0, 0, 0, 0, 0, 0, 1, 0, 1, 1, 1, 0, 1, 0, 0, 0, 0, 0, 1, 0, 0, 1]
y_score: [0.9728719592094421, 0.000253443286055699, 0.044257935136556625, 0.2378043681383133, 0.8106816411018372, 0.6365392804145813, 0.08232983946800232, 0.9596872329711914, 0.00011669550440274179, 0.2072029858827591, 0.8879247903823853, 0.04287038370966911, 0.09644101560115814, 0.8591850996017456, 0.9747354984283447, 0.2847616970539093, 0.38018375635147095, 0.9681231379508972, 0.13047535717487335, 0.2898097038269043, 0.22940221428871155, 0.42290475964546204, 0.023692907765507698, 0.9624796509742737, 0.31753090023994446, 0.0010317745618522167, 0.6807620525360107, 0.2831163704395294, 0.016137342900037766, 0.8101456761360168, 0.00020228202629368752, 0.9676070213317871, 0.0034246337600052357, 0.9166630506515503, 0.7587823271751404, 0.0283832848072052, 0.261851042509079, 0.3506096601486206, 0.0039941999129951, 0.801588237285614, 0.33829832077026367, 0.08130604028701782, 0.4622598886489868, 0.42017224431037903, 0.3982309103012085, 0.08868148177862167, 0.4337993562221527, 0.3982047736644745, 0.8765379190444946, 0.8149468302726746, 0.9922956228256226, 0.5801519751548767, 0.6739157438278198, 0.02984163910150528, 0.9417990446090698, 0.5929487347602844, 0.12812918424606323, 0.10892200469970703, 0.5538992285728455, 0.004869422875344753, 0.9824517369270325, 0.00015324485138989985, 1.4042118891666178e-05, 0.9299472570419312]
AUC is: 0.9782608695652174
y_true: [1, 0, 0, 1, 1, 1, 0, 0, 1, 1, 0, 1, 0, 0, 0, 0, 1, 0, 0, 1, 0, 1, 0, 0, 0, 0, 1, 1, 0, 1, 0, 1, 1, 0, 1, 1, 0, 0, 0, 1, 0, 0, 0, 1, 0, 1, 1, 0, 0, 1, 0, 0, 0, 0, 1, 1, 0, 0, 0, 0, 1, 0, 1, 1]
y_score: [0.9343231916427612, 0.12090568989515305, 0.7142419815063477, 0.910962700843811, 0.985074520111084, 0.9484848976135254, 0.11590704321861267, 2.4020982891670428e-05, 0.970604419708252, 0.7579602003097534, 0.6888234615325928, 0.9935342073440552, 0.48517242074012756, 0.07958757877349854, 0.01824224181473255, 0.06780880689620972, 0.7055262327194214, 0.24888326227664948, 0.45327335596084595, 0.9789901375770569, 0.02010013908147812, 0.9350078701972961, 0.17022882401943207, 0.014958550222218037, 0.8913294672966003, 0.12611784040927887, 0.6413207650184631, 0.8122656941413879, 0.00037045040517114103, 0.9170201420783997, 0.25830012559890747, 0.46623650193214417, 0.9474800825119019, 0.5545192360877991, 0.8846174478530884, 0.8866690993309021, 0.5134698152542114, 0.6150228381156921, 0.12100911140441895, 0.7903393507003784, 0.5365024209022522, 0.8217899203300476, 0.37852951884269714, 0.9656909704208374, 0.12285877764225006, 0.9210929274559021, 0.5319563746452332, 0.00020962723647244275, 0.8033270239830017, 0.9808893799781799, 0.6767064332962036, 0.11726430058479309, 0.05665979161858559, 0.3096602261066437, 0.8457748293876648, 0.9311878085136414, 0.02067553997039795, 0.10701648145914078, 0.5464752912521362, 0.14061260223388672, 0.9784254431724548, 0.007905994541943073, 0.8976238369941711, 0.9503648281097412]
AUC is: 0.9569569569569569
y_true: [0, 0, 0, 1, 1, 0, 0, 0, 0, 0, 0, 0, 0, 0, 0, 0, 0, 0, 0, 0, 0, 0, 1, 0, 0, 0, 1, 1, 1, 1, 0, 0, 1, 1, 0, 0, 0, 0, 1, 0, 0, 0, 0, 0, 0, 0, 0, 1, 0, 0, 1, 0, 0, 1, 0, 1, 0, 0, 0, 0, 0, 1, 0, 0]
y_score: [0.0008107164176180959, 0.009061431512236595, 0.12987558543682098, 0.792178213596344, 0.4335460662841797, 0.7874329090118408, 0.24060001969337463, 0.34748929738998413, 0.05947402864694595, 0.07792592793703079, 0.00013916236639488488, 0.4111684262752533, 0.5761725902557373, 0.01401627529412508, 0.60828697681427, 0.39067357778549194, 0.3031298518180847, 0.1962956190109253, 0.3992953300476074, 0.34196892380714417, 0.7065993547439575, 0.4651154577732086, 0.6930896043777466, 0.00013019827019888908, 0.03164513781666756, 0.005113501101732254, 0.6622883677482605, 0.742489218711853, 0.8502573370933533, 0.6366592645645142, 0.6394351124763489, 9.47469161474146e-05, 0.47854486107826233, 0.6213648319244385, 0.0007137280772440135, 0.03619648516178131, 0.016980113461613655, 0.009040734730660915, 0.9073047041893005, 0.01153238769620657, 0.4336482584476471, 0.10587222129106522, 0.6302506327629089, 0.0015533964615315199, 0.0010526542318984866, 0.0160208810120821, 0.22359150648117065, 0.9646859169006348, 0.3891523480415344, 0.00039040116826072335, 0.8832454681396484, 0.5245075225830078, 0.8827060461044312, 0.9064935445785522, 0.5780066251754761, 0.9357980489730835, 0.04839698225259781, 0.012236266396939754, 0.2362179458141327, 0.944703996181488, 0.25766921043395996, 0.9854215383529663, 0.0010518943890929222, 0.07393668591976166]
AUC is: 0.9292517006802721
y_true: [1, 0, 1, 0, 1, 0, 0, 1, 1, 1, 1, 0, 0, 0, 0, 1, 1, 1, 0, 0, 0, 0, 0, 0, 0, 1, 0, 1, 1, 0, 1, 0, 0, 1, 0, 1, 1, 1, 1, 1, 0, 0, 0, 1, 1, 0, 1, 0, 0, 1, 1, 0, 1, 0, 0, 0, 0, 1, 0, 1, 0, 0, 0, 0]
y_score: [0.9821673631668091, 0.00016549101565033197, 0.942707896232605, 0.40986868739128113, 0.95860755443573, 0.007282678037881851, 0.05089951679110527, 0.5582950711250305, 0.9940673112869263, 0.9229913949966431, 0.8623936176300049, 0.000192463441635482, 0.002564542694017291, 0.37209343910217285, 0.4230096936225891, 0.5445226430892944, 0.8927199244499207, 0.9341971278190613, 0.010307129472494125, 0.3832224905490875, 0.00010896687308559194, 0.06453228741884232, 0.4294416904449463, 0.004664919339120388, 0.8056575655937195, 0.8656657338142395, 0.31424668431282043, 0.9818545579910278, 0.9454131126403809, 0.0054961908608675, 0.6123327016830444, 8.431665628449991e-05, 0.1985769420862198, 0.8739921450614929, 0.49201154708862305, 0.9878354668617249, 0.9846780300140381, 0.8212620615959167, 0.6308697462081909, 0.2225995659828186, 0.004843626171350479, 0.08135715872049332, 0.0037827822379767895, 0.9708840250968933, 0.9290448427200317, 0.46940121054649353, 0.9834923148155212, 0.004401623737066984, 0.0023172437213361263, 0.8282884955406189, 0.9068046808242798, 0.8060302138328552, 0.708514392375946, 4.02306868636515e-05, 0.07362263649702072, 0.43630921840667725, 0.25993800163269043, 0.6597416400909424, 0.0001723047171253711, 0.8752381205558777, 0.0022693932987749577, 0.015433153137564659, 0.7764865159988403, 4.4573745981324464e-05]
AUC is: 0.9692460317460316
y_true: [0, 0, 1, 0, 1, 0, 0, 0, 0, 1, 0, 0, 0, 0, 0, 0, 1, 0, 0, 0, 0, 1, 0, 1, 0, 0, 0, 0, 0, 1, 0, 0, 0, 0, 1, 1, 1, 0, 0, 0, 0, 1, 0, 0, 0, 0, 0, 0, 1, 0, 1, 1, 0, 0, 0, 0, 0, 0, 0, 0, 0, 0, 1, 0]
y_score: [0.003971953876316547, 0.001003709272481501, 0.5191035866737366, 0.3244566023349762, 0.9075413346290588, 0.31219565868377686, 0.9349548816680908, 0.0008885285351425409, 0.0003780272090807557, 0.9254695773124695, 0.7818785905838013, 0.006886525545269251, 0.06973730027675629, 0.0034284149296581745, 0.05347071960568428, 0.07767915725708008, 0.9481320977210999, 0.15546150505542755, 0.6971439123153687, 0.0004804864292964339, 0.14515802264213562, 0.939220130443573, 0.885877251625061, 0.9081321954727173, 0.09021122753620148, 0.3414214253425598, 0.6273386478424072, 0.0017332701245322824, 0.01509473193436861, 0.9738748073577881, 0.00326349725946784, 0.7749450206756592, 0.003878135932609439, 0.051281560212373734, 0.7686182856559753, 0.970961332321167, 0.13429328799247742, 0.01789083331823349, 0.08810585737228394, 0.33583560585975647, 0.0014226272469386458, 0.49401581287384033, 0.4485744535923004, 0.7129177451133728, 0.934177041053772, 0.7387461066246033, 0.013412519358098507, 0.28700974583625793, 0.812358021736145, 0.6313951015472412, 0.8845685124397278, 0.869592547416687, 0.3441697061061859, 0.10770376771688461, 0.31842249631881714, 0.0006424122839234769, 0.7422686815261841, 0.20432479679584503, 0.3118325173854828, 0.35876452922821045, 0.082211434841156, 0.024239283055067062, 0.9809190630912781, 0.000526486779563129]
AUC is: 0.9102040816326531
y_true: [0, 1, 1, 0, 0, 0, 0, 0, 0, 1, 0, 0, 0, 1, 0, 1, 0, 1, 0, 0, 0, 0, 0, 0, 1, 0, 1, 0, 0, 0, 0, 0, 1, 1, 0, 1, 1, 1, 1, 0, 0, 0, 1, 0, 0, 0, 1, 0, 1, 1, 0, 0, 1, 1, 1, 0, 1, 0, 0, 0, 0, 0, 0, 0]
y_score: [0.0004771753156092018, 0.9292733073234558, 0.9004591107368469, 0.4102693498134613, 0.6907990574836731, 0.4337170422077179, 0.0017318518366664648, 0.8827412724494934, 0.6774330735206604, 0.9464415907859802, 0.026765773072838783, 0.30096665024757385, 0.013164871372282505, 0.9663863778114319, 0.0027887329924851656, 0.890140175819397, 0.08867338299751282, 0.8659428954124451, 0.3857225775718689, 0.004123861901462078, 0.2913084924221039, 0.3744613230228424, 0.04744167625904083, 0.0010092826560139656, 0.8919245004653931, 0.001955653540790081, 0.8788922429084778, 0.05255183205008507, 0.5210120677947998, 0.286649227142334, 0.0024672681465744972, 0.0017303327331319451, 0.9855136871337891, 0.9603012800216675, 0.9132217168807983, 0.9951501488685608, 0.7409822940826416, 0.9695130586624146, 0.9361394643783569, 0.0012061435263603926, 0.5110646486282349, 0.00023681287711951882, 0.9564700722694397, 2.477331508998759e-05, 0.0008243579068221152, 0.5507802367210388, 0.9342368245124817, 0.2678107023239136, 0.8509423136711121, 0.7011929750442505, 0.17865051329135895, 0.6326174139976501, 0.8873434662818909, 0.9662801027297974, 0.9269712567329407, 0.17374368011951447, 0.9834069609642029, 0.2632935643196106, 0.00508550088852644, 0.08397839963436127, 0.19002576172351837, 0.46157780289649963, 0.2535783350467682, 0.08680271357297897]
AUC is: 0.9848484848484848
y_true: [0, 0, 1, 0, 0, 0, 0, 0, 1, 0, 0, 1, 0, 0, 0, 0, 0, 0, 1, 1, 0, 1, 0, 1, 1, 0, 1, 0, 0, 0, 1, 1, 1, 0, 0, 0, 1, 1, 1, 0, 0, 0, 0, 1, 1, 1, 0, 0, 0, 0, 1, 0, 0, 0, 0, 0, 0, 1, 0, 0, 0, 0, 0, 0]
y_score: [0.10253852605819702, 0.7133525013923645, 0.9036270976066589, 0.10274183750152588, 0.19603191316127777, 0.11441832780838013, 0.0020806011743843555, 7.735405233688653e-05, 0.8134167790412903, 0.07659246027469635, 0.24516646564006805, 0.9626986980438232, 0.0019029180984944105, 0.953389585018158, 0.17200182378292084, 0.13559409976005554, 0.03537788614630699, 0.9803698062896729, 0.9816615581512451, 0.8417196869850159, 0.45983442664146423, 0.8707801103591919, 0.8775646686553955, 0.8104720115661621, 0.892119824886322, 0.13956548273563385, 0.8755735754966736, 0.5112711191177368, 6.588043470401317e-05, 0.18935950100421906, 0.5482933521270752, 0.9385401606559753, 0.9733802080154419, 0.7305456399917603, 0.6934245824813843, 0.005990760866552591, 0.866246223449707, 0.8460889458656311, 0.9587105512619019, 0.11081766337156296, 0.502284049987793, 0.00043419733992777765, 0.0012859631096944213, 0.9907739758491516, 0.06420144438743591, 0.8076831698417664, 0.84556645154953, 0.6742555499076843, 0.1839979737997055, 0.11351361125707626, 0.6555787920951843, 0.06541935354471207, 1.3826169379171915e-05, 0.02856983058154583, 0.664030909538269, 0.19048993289470673, 0.5115553140640259, 0.871436595916748, 0.8332442045211792, 0.00035326677607372403, 0.00012938720465172082, 0.10763800144195557, 0.5717976093292236, 0.024117177352309227]
AUC is: 0.8920454545454545
y_true: [0, 0, 0, 1, 1, 1, 0, 0, 0, 1, 0, 1, 0, 0, 0, 0, 0, 0, 1, 0, 0, 0, 1, 1, 0, 0, 0, 0, 0, 0, 1, 1, 0, 1, 1, 0, 0, 1, 1, 0, 1, 0, 1, 1, 0, 0, 0, 0, 0, 0, 0, 0]
y_score: [0.17679619789123535, 0.501390278339386, 0.7563708424568176, 0.607768177986145, 0.8295731544494629, 0.968299150466919, 0.015924904495477676, 0.000745856377761811, 0.01391251664608717, 0.02920999936759472, 0.6517184376716614, 0.5727725625038147, 0.050645824521780014, 0.5229034423828125, 0.15561284124851227, 0.06375551223754883, 0.15537838637828827, 0.00864030234515667, 0.5030717253684998, 0.004321291111409664, 0.7840213775634766, 0.4376757740974426, 0.38277027010917664, 0.7303476333618164, 0.6515905261039734, 0.02596547268331051, 0.0008217397262342274, 0.0032499185763299465, 0.5579338073730469, 2.5654187538748374e-06, 0.9043577313423157, 0.8999334573745728, 0.7660261392593384, 0.2523074448108673, 0.9519243836402893, 0.44343146681785583, 0.08830200880765915, 0.9930239915847778, 0.9526918530464172, 0.07843363285064697, 0.8786671161651611, 0.02139994129538536, 0.6864917874336243, 0.8313688635826111, 0.025181844830513, 0.9387327432632446, 0.15103915333747864, 0.006373247131705284, 0.16987581551074982, 0.7165766954421997, 0.8404399156570435, 0.7416532039642334]
AUC is: 0.8319327731092437
