y_true: [1, 0, 0, 0, 0, 1, 0, 1, 0, 0, 1, 0, 0, 1, 1, 0, 0, 1, 0, 0, 0, 0, 0, 1, 0, 0, 0, 0, 0, 1, 0, 1, 0, 1, 0, 0, 0, 0, 0, 0, 0, 0, 0, 0, 0, 0, 0, 0, 1, 0, 1, 1, 1, 0, 1, 0, 0, 0, 0, 0, 1, 0, 0, 1]
y_score: [0.07694195955991745, 0.039614032953977585, 0.02858952060341835, 0.06697968393564224, 0.0629676878452301, 0.06723655015230179, 0.03711075335741043, 0.04607236385345459, 0.042536694556474686, 0.04490320011973381, 0.06303809583187103, 0.04094904288649559, 0.0557059682905674, 0.05477515608072281, 0.06472284346818924, 0.03493320569396019, 0.08309922367334366, 0.05049988999962807, 0.055094536393880844, 0.05348582938313484, 0.06395115703344345, 0.09299355000257492, 0.018855053931474686, 0.09651320427656174, 0.060032546520233154, 0.03444906696677208, 0.047819435596466064, 0.0491328239440918, 0.05269737169146538, 0.04789232835173607, 0.03209744021296501, 0.06177013739943504, 0.05878137797117233, 0.07654951512813568, 0.060711320489645004, 0.06795859336853027, 0.06554130464792252, 0.06594397872686386, 0.06906186044216156, 0.04054123908281326, 0.056812532246112823, 0.057558923959732056, 0.028960950672626495, 0.053883619606494904, 0.07229853421449661, 0.03725800663232803, 0.04869566857814789, 0.05108010023832321, 0.05282211676239967, 0.10248514264822006, 0.06405933201313019, 0.03325894847512245, 0.09675812721252441, 0.05118463560938835, 0.04301896691322327, 0.09869421273469925, 0.0495559424161911, 0.05728904902935028, 0.033876411616802216, 0.04186556115746498, 0.06402471661567688, 0.025096295401453972, 0.038088347762823105, 0.044095102697610855]
AUC is: 0.6413043478260869
y_true: [1, 0, 0, 1, 1, 1, 0, 0, 1, 1, 0, 1, 0, 0, 0, 0, 1, 0, 0, 1, 0, 1, 0, 0, 0, 0, 1, 1, 0, 1, 0, 1, 1, 0, 1, 1, 0, 0, 0, 1, 0, 0, 0, 1, 0, 1, 1, 0, 0, 1, 0, 0, 0, 0, 1, 1, 0, 0, 0, 0, 1, 0, 1, 1]
y_score: [0.06264175474643707, 0.06512940675020218, 0.06972002238035202, 0.06995450705289841, 0.036384910345077515, 0.07931201905012131, 0.04283266142010689, 0.02828081138432026, 0.08306556940078735, 0.04592389613389969, 0.03858964517712593, 0.06003040075302124, 0.045234180986881256, 0.047382455319166183, 0.04548683762550354, 0.05217541381716728, 0.08344206213951111, 0.03717326372861862, 0.029644563794136047, 0.05174962431192398, 0.04966181516647339, 0.041212502866983414, 0.07104193419218063, 0.044542789459228516, 0.049660876393318176, 0.05404068902134895, 0.059056904166936874, 0.06814444810152054, 0.034263975918293, 0.06313872337341309, 0.056015919893980026, 0.04047181457281113, 0.07766555994749069, 0.07002904266119003, 0.06340932846069336, 0.06850200146436691, 0.07083785533905029, 0.09176932275295258, 0.054224688559770584, 0.07672787457704544, 0.03853747621178627, 0.03088928945362568, 0.059726204723119736, 0.10586649179458618, 0.047720178961753845, 0.06613679230213165, 0.06736156344413757, 0.04194505885243416, 0.050042204558849335, 0.034809526056051254, 0.054951634258031845, 0.03163303807377815, 0.02684776857495308, 0.027074649930000305, 0.038102779537439346, 0.0476171113550663, 0.05025803670287132, 0.04418623447418213, 0.051014579832553864, 0.07463908195495605, 0.09548519551753998, 0.05555519834160805, 0.05004913732409477, 0.03941937908530235]
AUC is: 0.6886886886886887
y_true: [0, 0, 0, 1, 1, 0, 0, 0, 0, 0, 0, 0, 0, 0, 0, 0, 0, 0, 0, 0, 0, 0, 1, 0, 0, 0, 1, 1, 1, 1, 0, 0, 1, 1, 0, 0, 0, 0, 1, 0, 0, 0, 0, 0, 0, 0, 0, 1, 0, 0, 1, 0, 0, 1, 0, 1, 0, 0, 0, 0, 0, 1, 0, 0]
y_score: [0.02310866303741932, 0.05103963613510132, 0.07037392258644104, 0.05589183419942856, 0.041673339903354645, 0.07124875485897064, 0.05977967754006386, 0.040083691477775574, 0.06543570011854172, 0.05175134539604187, 0.05068526789546013, 0.08273746073246002, 0.05786750093102455, 0.04171190410852432, 0.03612677380442619, 0.04576900601387024, 0.05967801436781883, 0.037491507828235626, 0.055900923907756805, 0.0664118230342865, 0.07521544396877289, 0.0841905027627945, 0.03877977654337883, 0.029781095683574677, 0.060521356761455536, 0.04769168794155121, 0.131020188331604, 0.05080398917198181, 0.035542186349630356, 0.0367862693965435, 0.07343186438083649, 0.02644590474665165, 0.05002496391534805, 0.05070892348885536, 0.02654109336435795, 0.043961863964796066, 0.03223338723182678, 0.035593122243881226, 0.06657356768846512, 0.03937684744596481, 0.10401151329278946, 0.03689682111144066, 0.07885589450597763, 0.027392901480197906, 0.01707659475505352, 0.03407903015613556, 0.07679195702075958, 0.04822910204529762, 0.053836554288864136, 0.04431471601128578, 0.05260810628533363, 0.07821371406316757, 0.07440239936113358, 0.051619261503219604, 0.07838854193687439, 0.04974732547998428, 0.034582577645778656, 0.04652438685297966, 0.0500156544148922, 0.07342080026865005, 0.05034282058477402, 0.05874986574053764, 0.0366886742413044, 0.019448548555374146]
AUC is: 0.5129251700680272
y_true: [1, 0, 1, 0, 1, 0, 0, 1, 1, 1, 1, 0, 0, 0, 0, 1, 1, 1, 0, 0, 0, 0, 0, 0, 0, 1, 0, 1, 1, 0, 1, 0, 0, 1, 0, 1, 1, 1, 1, 1, 0, 0, 0, 1, 1, 0, 1, 0, 0, 1, 1, 0, 1, 0, 0, 0, 0, 1, 0, 1, 0, 0, 0, 0]
y_score: [0.056804150342941284, 0.039290133863687515, 0.04167264699935913, 0.09559418261051178, 0.10518833249807358, 0.04786299169063568, 0.07220793515443802, 0.03900202363729477, 0.042620666325092316, 0.08844467252492905, 0.07312548160552979, 0.04606145992875099, 0.05449657514691353, 0.05284816399216652, 0.04796033352613449, 0.0430142879486084, 0.03632807731628418, 0.07010967284440994, 0.0675320103764534, 0.059967901557683945, 0.030035024508833885, 0.04924086853861809, 0.037835054099559784, 0.06266115605831146, 0.04315686225891113, 0.0538775734603405, 0.07193372398614883, 0.08816571533679962, 0.08354638516902924, 0.042559247463941574, 0.05528227239847183, 0.030618801712989807, 0.041376590728759766, 0.049423735588788986, 0.0718502327799797, 0.08682909607887268, 0.08167064189910889, 0.08018364012241364, 0.0310091320425272, 0.03855884075164795, 0.05523847043514252, 0.04634353891015053, 0.03342118859291077, 0.04527737572789192, 0.039188481867313385, 0.053098034113645554, 0.03772766515612602, 0.030089378356933594, 0.03904608264565468, 0.04600270465016365, 0.06665211915969849, 0.09446103125810623, 0.057228848338127136, 0.045928750187158585, 0.05523071810603142, 0.05307472497224808, 0.06469998508691788, 0.04551449418067932, 0.032143570482730865, 0.04970788583159447, 0.038036197423934937, 0.047013986855745316, 0.061067547649145126, 0.022983992472290993]
AUC is: 0.5873015873015873
y_true: [0, 0, 1, 0, 1, 0, 0, 0, 0, 1, 0, 0, 0, 0, 0, 0, 1, 0, 0, 0, 0, 1, 0, 1, 0, 0, 0, 0, 0, 1, 0, 0, 0, 0, 1, 1, 1, 0, 0, 0, 0, 1, 0, 0, 0, 0, 0, 0, 1, 0, 1, 1, 0, 0, 0, 0, 0, 0, 0, 0, 0, 0, 1, 0]
y_score: [0.044340506196022034, 0.03352019563317299, 0.04862847179174423, 0.06773967295885086, 0.04058939963579178, 0.0720251128077507, 0.05965263023972511, 0.04231782630085945, 0.050950463861227036, 0.06364680826663971, 0.052364010363817215, 0.06470465660095215, 0.06270682066679001, 0.0185371283441782, 0.03370407596230507, 0.047829098999500275, 0.03840019553899765, 0.05819937214255333, 0.060595449060201645, 0.034679580479860306, 0.039253413677215576, 0.09462159126996994, 0.06809040904045105, 0.06081308424472809, 0.058006636798381805, 0.06969412416219711, 0.0731065422296524, 0.05384274572134018, 0.02819303423166275, 0.05653553828597069, 0.058262575417757034, 0.05954943224787712, 0.05698055773973465, 0.0610501691699028, 0.046597111970186234, 0.07312620431184769, 0.03517058119177818, 0.04885780066251755, 0.04897763580083847, 0.09149115532636642, 0.03623766824603081, 0.05212319642305374, 0.04513298347592354, 0.035968564450740814, 0.06804026663303375, 0.03979654610157013, 0.0327407605946064, 0.023420382291078568, 0.052634064108133316, 0.038482483476400375, 0.09428403526544571, 0.04503224045038223, 0.0639364942908287, 0.04148314520716667, 0.05453998222947121, 0.06658263504505157, 0.04777638241648674, 0.06049961596727371, 0.05122558772563934, 0.05674968287348747, 0.059005122631788254, 0.06237492710351944, 0.0879669338464737, 0.04482516273856163]
AUC is: 0.5741496598639455
y_true: [0, 1, 1, 0, 0, 0, 0, 0, 0, 1, 0, 0, 0, 1, 0, 1, 0, 1, 0, 0, 0, 0, 0, 0, 1, 0, 1, 0, 0, 0, 0, 0, 1, 1, 0, 1, 1, 1, 1, 0, 0, 0, 1, 0, 0, 0, 1, 0, 1, 1, 0, 0, 1, 1, 1, 0, 1, 0, 0, 0, 0, 0, 0, 0]
y_score: [0.05327143520116806, 0.03753794729709625, 0.05326639860868454, 0.05004127323627472, 0.07715810090303421, 0.06473571062088013, 0.04536047205328941, 0.07022076845169067, 0.035344939678907394, 0.10521763563156128, 0.03359796851873398, 0.053530968725681305, 0.06959260255098343, 0.06481771171092987, 0.02494635246694088, 0.038781486451625824, 0.055715411901474, 0.07485045492649078, 0.038019828498363495, 0.03827338665723801, 0.05868056043982506, 0.07101757824420929, 0.04707041382789612, 0.029752152040600777, 0.05853721499443054, 0.03991997614502907, 0.055694758892059326, 0.04687805473804474, 0.03836475685238838, 0.02415918931365013, 0.02821667678654194, 0.037847958505153656, 0.08240363001823425, 0.08321889489889145, 0.030987227335572243, 0.048075877130031586, 0.07539605349302292, 0.07768004387617111, 0.07161448895931244, 0.04105296730995178, 0.0861574038863182, 0.040459536015987396, 0.06238532066345215, 0.04394824430346489, 0.044964879751205444, 0.046473585069179535, 0.0730254054069519, 0.04945005476474762, 0.0532003678381443, 0.06269238889217377, 0.07250890135765076, 0.06340190768241882, 0.0690823644399643, 0.0497295968234539, 0.05691228434443474, 0.02366265468299389, 0.07422379404306412, 0.0617910698056221, 0.019231043756008148, 0.045904140919446945, 0.03938133269548416, 0.09541412442922592, 0.04233748838305473, 0.05222868546843529]
AUC is: 0.7716450216450216
y_true: [0, 0, 1, 0, 0, 0, 0, 0, 1, 0, 0, 1, 0, 0, 0, 0, 0, 0, 1, 1, 0, 1, 0, 1, 1, 0, 1, 0, 0, 0, 1, 1, 1, 0, 0, 0, 1, 1, 1, 0, 0, 0, 0, 1, 1, 1, 0, 0, 0, 0, 1, 0, 0, 0, 0, 0, 0, 1, 0, 0, 0, 0, 0, 0]
y_score: [0.03072575107216835, 0.03951599448919296, 0.04459211230278015, 0.025750992819666862, 0.03411632403731346, 0.02770785242319107, 0.0554836168885231, 0.04163288325071335, 0.05980033800005913, 0.07544831186532974, 0.05201797932386398, 0.05517519637942314, 0.041528474539518356, 0.07533081620931625, 0.03319544345140457, 0.0244302861392498, 0.03164982423186302, 0.043600283563137054, 0.03446004167199135, 0.048460736870765686, 0.0436384417116642, 0.036197129637002945, 0.03930927440524101, 0.04859311506152153, 0.0947667583823204, 0.04820185527205467, 0.03582420200109482, 0.03635876998305321, 0.0384029746055603, 0.06226205453276634, 0.060269858688116074, 0.06392336636781693, 0.08200397342443466, 0.1049182191491127, 0.06949064135551453, 0.04834709316492081, 0.05110982060432434, 0.05622512847185135, 0.07444969564676285, 0.057438045740127563, 0.05594489350914955, 0.03242532163858414, 0.025830762460827827, 0.055807728320360184, 0.021551553159952164, 0.07019603252410889, 0.08209895342588425, 0.054380178451538086, 0.08923650532960892, 0.032654814422130585, 0.03280087560415268, 0.04660138115286827, 0.024170782417058945, 0.03925035148859024, 0.04674772545695305, 0.04717735946178436, 0.0582711435854435, 0.04662191867828369, 0.09055016189813614, 0.0537567213177681, 0.026842864230275154, 0.02856171689927578, 0.07658864557743073, 0.041941020637750626]
AUC is: 0.6136363636363636
y_true: [0, 0, 0, 1, 1, 1, 0, 0, 0, 1, 0, 1, 0, 0, 0, 0, 0, 0, 1, 0, 0, 0, 1, 1, 0, 0, 0, 0, 0, 0, 1, 1, 0, 1, 1, 0, 0, 1, 1, 0, 1, 0, 1, 1, 0, 0, 0, 0, 0, 0, 0, 0]
y_score: [0.04803440719842911, 0.05936605855822563, 0.0791124701499939, 0.06674481183290482, 0.08183390647172928, 0.0607464462518692, 0.05445617437362671, 0.04411080479621887, 0.04071930795907974, 0.022831061854958534, 0.05746961757540703, 0.0657915398478508, 0.06423670053482056, 0.06507108360528946, 0.04584281146526337, 0.042501434683799744, 0.047328174114227295, 0.07049393653869629, 0.07045614719390869, 0.024649834260344505, 0.04578946530818939, 0.049395181238651276, 0.09304473549127579, 0.06500178575515747, 0.05468784645199776, 0.06157554313540459, 0.04233561083674431, 0.03595693036913872, 0.05094088613986969, 0.02466045506298542, 0.08113669604063034, 0.0720687210559845, 0.03023179993033409, 0.03433480113744736, 0.06152099743485451, 0.07746731489896774, 0.03521226719021797, 0.05402594059705734, 0.05728894844651222, 0.03086629882454872, 0.07848839461803436, 0.0481245182454586, 0.07405916601419449, 0.05780983716249466, 0.056773591786623, 0.06390604376792908, 0.08074143528938293, 0.07092802226543427, 0.04711344838142395, 0.05926979333162308, 0.04632295295596123, 0.05673609673976898]
AUC is: 0.7445378151260504
