y_true: [1, 0, 0, 0, 0, 1, 0, 1, 0, 0, 1, 0, 0, 1, 1, 0, 0, 1, 0, 0, 0, 0, 0, 1, 0, 0, 0, 0, 0, 1, 0, 1, 0, 1, 0, 0, 0, 0, 0, 0, 0, 0, 0, 0, 0, 0, 0, 0, 1, 0, 1, 1, 1, 0, 1, 0, 0, 0, 0, 0, 1, 0, 0, 1]
y_score: [0.9947991371154785, 0.04976418614387512, 0.2499522566795349, 0.04468097910284996, 0.4923342168331146, 0.3996151387691498, 0.026726681739091873, 0.9741068482398987, 0.049937132745981216, 0.052204106003046036, 0.8989672064781189, 0.396626353263855, 0.093716099858284, 0.8181276321411133, 0.9958338737487793, 0.46352165937423706, 0.03775203973054886, 0.9866427183151245, 0.005961908958852291, 0.07672519981861115, 0.07715848088264465, 0.09124740958213806, 0.11541218310594559, 0.9862942099571228, 0.03837297484278679, 0.23434121906757355, 0.8731558918952942, 0.3457328975200653, 0.0034069607499986887, 0.980236828327179, 0.026359284296631813, 0.9927657842636108, 0.19606274366378784, 0.9788115620613098, 0.3911822736263275, 0.011351312510669231, 0.3667316138744354, 0.2826681137084961, 0.02600519172847271, 0.6186594367027283, 0.036579083651304245, 0.007976130582392216, 0.7868377566337585, 0.15645557641983032, 0.12808062136173248, 0.009213346987962723, 0.7303661108016968, 0.03359188139438629, 0.8240835070610046, 0.8266133069992065, 0.995477020740509, 0.3657916486263275, 0.5861737728118896, 0.17254289984703064, 0.9714720845222473, 0.29328635334968567, 0.11321752518415451, 0.01648683100938797, 0.8300132751464844, 0.16766513884067535, 0.9952771663665771, 0.03783541917800903, 0.03262205794453621, 0.9612528085708618]
AUC is: 0.96256038647343
y_true: [1, 0, 0, 1, 1, 1, 0, 0, 1, 1, 0, 1, 0, 0, 0, 0, 1, 0, 0, 1, 0, 1, 0, 0, 0, 0, 1, 1, 0, 1, 0, 1, 1, 0, 1, 1, 0, 0, 0, 1, 0, 0, 0, 1, 0, 1, 1, 0, 0, 1, 0, 0, 0, 0, 1, 1, 0, 0, 0, 0, 1, 0, 1, 1]
y_score: [0.9579188227653503, 0.18510271608829498, 0.9418922066688538, 0.9422702193260193, 0.9937846660614014, 0.9794787764549255, 0.018266363069415092, 0.018952516838908195, 0.9929995536804199, 0.5723259449005127, 0.2058802992105484, 0.9982428550720215, 0.5724782347679138, 0.005757989827543497, 0.24899627268314362, 0.0036348348949104548, 0.7249762415885925, 0.7346869111061096, 0.20574399828910828, 0.9702950119972229, 0.007373647298663855, 0.8912726044654846, 0.0337294340133667, 0.23862487077713013, 0.8580342531204224, 0.010348697192966938, 0.24876734614372253, 0.777386486530304, 0.03348509594798088, 0.8922507762908936, 0.02230895310640335, 0.28363853693008423, 0.9905902147293091, 0.5375157594680786, 0.9229722023010254, 0.932270884513855, 0.09308125823736191, 0.35824325680732727, 0.00765532162040472, 0.6953401565551758, 0.8137758374214172, 0.6342899799346924, 0.053549762815237045, 0.9907023906707764, 0.012987933121621609, 0.9317121505737305, 0.33110302686691284, 0.07591310888528824, 0.4464914798736572, 0.9839279055595398, 0.3007364273071289, 0.011669260449707508, 0.007346970960497856, 0.11579379439353943, 0.9655969142913818, 0.935126543045044, 0.28347834944725037, 0.009038531221449375, 0.2469850778579712, 0.012488218955695629, 0.9936692118644714, 0.48016273975372314, 0.9009643793106079, 0.9113100171089172]
AUC is: 0.940940940940941
y_true: [0, 0, 0, 1, 1, 0, 0, 0, 0, 0, 0, 0, 0, 0, 0, 0, 0, 0, 0, 0, 0, 0, 1, 0, 0, 0, 1, 1, 1, 1, 0, 0, 1, 1, 0, 0, 0, 0, 1, 0, 0, 0, 0, 0, 0, 0, 0, 1, 0, 0, 1, 0, 0, 1, 0, 1, 0, 0, 0, 0, 0, 1, 0, 0]
y_score: [0.013041174039244652, 0.15869225561618805, 0.0721479058265686, 0.38923022150993347, 0.650654673576355, 0.4251084625720978, 0.19448572397232056, 0.11715281754732132, 0.003153356956318021, 0.5755530595779419, 0.26206082105636597, 0.04283912107348442, 0.5004926323890686, 0.0013174397172406316, 0.3002288341522217, 0.04136989638209343, 0.05358729511499405, 0.12130102515220642, 0.1182389110326767, 0.11915872246026993, 0.18720562756061554, 0.12041256576776505, 0.9443637728691101, 0.08419259637594223, 0.38286739587783813, 0.13762493431568146, 0.9126825928688049, 0.4966992139816284, 0.7899853587150574, 0.6043027639389038, 0.3102818429470062, 0.016546132043004036, 0.4409009516239166, 0.24207442998886108, 0.30594608187675476, 0.24456161260604858, 0.4339488446712494, 0.05233430862426758, 0.8189947605133057, 0.4140421450138092, 0.28799790143966675, 0.006668488495051861, 0.3753799498081207, 0.1767083704471588, 0.04768165573477745, 0.004420476499944925, 0.5023090243339539, 0.981131911277771, 0.4211359918117523, 0.02029120735824108, 0.7491869926452637, 0.13009141385555267, 0.8089764714241028, 0.7549321055412292, 0.9273819923400879, 0.9497604370117188, 0.25963059067726135, 0.38080236315727234, 0.05772671103477478, 0.9478935599327087, 0.3891737759113312, 0.9928730726242065, 0.1274302452802658, 0.2726525664329529]
AUC is: 0.9129251700680272
y_true: [1, 0, 1, 0, 1, 0, 0, 1, 1, 1, 1, 0, 0, 0, 0, 1, 1, 1, 0, 0, 0, 0, 0, 0, 0, 1, 0, 1, 1, 0, 1, 0, 0, 1, 0, 1, 1, 1, 1, 1, 0, 0, 0, 1, 1, 0, 1, 0, 0, 1, 1, 0, 1, 0, 0, 0, 0, 1, 0, 1, 0, 0, 0, 0]
y_score: [0.9948537945747375, 0.14427773654460907, 0.9733759164810181, 0.14402708411216736, 0.9914847016334534, 0.09867827594280243, 0.2064109742641449, 0.40074339509010315, 0.997763991355896, 0.9870555400848389, 0.8626304268836975, 0.3949315547943115, 0.018599798902869225, 0.02781018614768982, 0.23444736003875732, 0.40287378430366516, 0.8604153990745544, 0.8524147868156433, 0.3412337899208069, 0.40571099519729614, 0.03776788339018822, 0.004065605346113443, 0.09191878885030746, 0.13381169736385345, 0.6201878190040588, 0.859821081161499, 0.1925114393234253, 0.9956516623497009, 0.9897817373275757, 0.4183896481990814, 0.38302865624427795, 0.02555079571902752, 0.17558975517749786, 0.8267161846160889, 0.7093273401260376, 0.9966902732849121, 0.996924102306366, 0.8201649785041809, 0.4835067391395569, 0.3290841281414032, 0.24540740251541138, 0.5721021294593811, 0.10398145765066147, 0.9564864635467529, 0.9248612523078918, 0.19420993328094482, 0.9851323962211609, 0.11743978410959244, 0.09416968375444412, 0.7455626130104065, 0.9236225485801697, 0.698775589466095, 0.5590406060218811, 0.08482450246810913, 0.013858768157660961, 0.04870622977614403, 0.04549666494131088, 0.25513195991516113, 0.032998956739902496, 0.8626111745834351, 0.21089760959148407, 0.458492249250412, 0.31380900740623474, 0.02892850525677204]
AUC is: 0.9513888888888888
y_true: [0, 0, 1, 0, 1, 0, 0, 0, 0, 1, 0, 0, 0, 0, 0, 0, 1, 0, 0, 0, 0, 1, 0, 1, 0, 0, 0, 0, 0, 1, 0, 0, 0, 0, 1, 1, 1, 0, 0, 0, 0, 1, 0, 0, 0, 0, 0, 0, 1, 0, 1, 1, 0, 0, 0, 0, 0, 0, 0, 0, 0, 0, 1, 0]
y_score: [0.16115891933441162, 0.04830227419734001, 0.6951951384544373, 0.045543819665908813, 0.8787899613380432, 0.47701671719551086, 0.7596336603164673, 0.09909795224666595, 0.101331427693367, 0.9323824048042297, 0.4964112937450409, 0.11193100363016129, 0.24234989285469055, 0.08774132281541824, 0.16978080570697784, 0.05821535363793373, 0.9156660437583923, 0.027067743241786957, 0.5853763222694397, 0.06880148500204086, 0.024115709587931633, 0.9863920211791992, 0.9806566834449768, 0.9190244674682617, 0.4674080014228821, 0.41732051968574524, 0.24062283337116241, 0.003851735731586814, 0.051420658826828, 0.9862451553344727, 0.2503450810909271, 0.5135248899459839, 0.15134207904338837, 0.2331956923007965, 0.5048394799232483, 0.9918550252914429, 0.355124294757843, 0.002037274884060025, 0.027712540701031685, 0.10947137326002121, 0.04331475496292114, 0.25723451375961304, 0.8449307680130005, 0.5047429203987122, 0.9757752418518066, 0.37632420659065247, 0.07180598378181458, 0.037366531789302826, 0.8008167147636414, 0.45137253403663635, 0.9357598423957825, 0.6950128674507141, 0.02409612387418747, 0.003891042433679104, 0.935846209526062, 0.09163891524076462, 0.3939966559410095, 0.4576674997806549, 0.23091360926628113, 0.18474751710891724, 0.005721701309084892, 0.29690390825271606, 0.9965272545814514, 0.28126898407936096]
AUC is: 0.9047619047619049
y_true: [0, 1, 1, 0, 0, 0, 0, 0, 0, 1, 0, 0, 0, 1, 0, 1, 0, 1, 0, 0, 0, 0, 0, 0, 1, 0, 1, 0, 0, 0, 0, 0, 1, 1, 0, 1, 1, 1, 1, 0, 0, 0, 1, 0, 0, 0, 1, 0, 1, 1, 0, 0, 1, 1, 1, 0, 1, 0, 0, 0, 0, 0, 0, 0]
y_score: [0.15637120604515076, 0.8686429262161255, 0.8773937225341797, 0.12450812011957169, 0.3970701992511749, 0.11407466977834702, 0.029927590861916542, 0.9585654139518738, 0.685627281665802, 0.9910565614700317, 0.002036429475992918, 0.05530529469251633, 0.3560994863510132, 0.9832156300544739, 0.17662809789180756, 0.6987787485122681, 0.0024452016223222017, 0.8593785762786865, 0.27283114194869995, 0.027939390391111374, 0.11677335202693939, 0.03505750000476837, 0.006410319358110428, 0.0277644544839859, 0.9047704339027405, 0.07373004406690598, 0.7738611102104187, 0.552889883518219, 0.11140010505914688, 0.21121186017990112, 0.1356179565191269, 0.05820651724934578, 0.9956948757171631, 0.9911866784095764, 0.9385313391685486, 0.9985221028327942, 0.6493054032325745, 0.9920639395713806, 0.9748973846435547, 0.053616005927324295, 0.32928231358528137, 0.028753839433193207, 0.9318851232528687, 0.13857470452785492, 0.04075310751795769, 0.02767058089375496, 0.9545902609825134, 0.05404874309897423, 0.7350186705589294, 0.7572262287139893, 0.013284360989928246, 0.4246937930583954, 0.8888262510299683, 0.9818319082260132, 0.9486874938011169, 0.7205799221992493, 0.9957939386367798, 0.03846045583486557, 0.1984441876411438, 0.2028452754020691, 0.4783969819545746, 0.6926311254501343, 0.5246902704238892, 0.05118805542588234]
AUC is: 0.9696969696969697
y_true: [0, 0, 1, 0, 0, 0, 0, 0, 1, 0, 0, 1, 0, 0, 0, 0, 0, 0, 1, 1, 0, 1, 0, 1, 1, 0, 1, 0, 0, 0, 1, 1, 1, 0, 0, 0, 1, 1, 1, 0, 0, 0, 0, 1, 1, 1, 0, 0, 0, 0, 1, 0, 0, 0, 0, 0, 0, 1, 0, 0, 0, 0, 0, 0]
y_score: [0.020324060693383217, 0.5473443865776062, 0.8498183488845825, 0.5271400213241577, 0.39046481251716614, 0.698841392993927, 0.1000402569770813, 0.03592817112803459, 0.7715126276016235, 0.6135866641998291, 0.04597022011876106, 0.986332356929779, 0.06180374324321747, 0.95389324426651, 0.01688537187874317, 0.013483241200447083, 0.0018831982742995024, 0.988291323184967, 0.9897083640098572, 0.7202095985412598, 0.9525923132896423, 0.8747447729110718, 0.6006660461425781, 0.7746366262435913, 0.9478111267089844, 0.009698016569018364, 0.8722802996635437, 0.17070695757865906, 0.01723368652164936, 0.06351494789123535, 0.5966874361038208, 0.9338734745979309, 0.9931278228759766, 0.6232742071151733, 0.1462886482477188, 0.07531225681304932, 0.8858112096786499, 0.755350649356842, 0.9773449897766113, 0.037167999893426895, 0.166028693318367, 0.03127758577466011, 0.07284063845872879, 0.9975983500480652, 0.11336199939250946, 0.6900264024734497, 0.8250873684883118, 0.6494531035423279, 0.01998666301369667, 0.6851059198379517, 0.8029900193214417, 0.1398952305316925, 0.04186469316482544, 0.4281260073184967, 0.27797913551330566, 0.03893675282597542, 0.4561423361301422, 0.9617648124694824, 0.9217572808265686, 0.18228945136070251, 0.0756826251745224, 0.06160932034254074, 0.41802477836608887, 0.004922196734696627]
AUC is: 0.8977272727272727
y_true: [0, 0, 0, 1, 1, 1, 0, 0, 0, 1, 0, 1, 0, 0, 0, 0, 0, 0, 1, 0, 0, 0, 1, 1, 0, 0, 0, 0, 0, 0, 1, 1, 0, 1, 1, 0, 0, 1, 1, 0, 1, 0, 1, 1, 0, 0, 0, 0, 0, 0, 0, 0]
y_score: [0.014212211593985558, 0.33485931158065796, 0.6344617009162903, 0.6454982161521912, 0.7775791883468628, 0.9735956192016602, 0.13644856214523315, 0.04625067859888077, 0.35116007924079895, 0.36888009309768677, 0.6268430948257446, 0.35321852564811707, 0.08284169435501099, 0.22995971143245697, 0.00792890414595604, 0.0028087026439607143, 0.017760001122951508, 0.8403029441833496, 0.36842700839042664, 0.01953166350722313, 0.728115439414978, 0.07627856731414795, 0.12423286586999893, 0.7758045196533203, 0.15327750146389008, 0.19330427050590515, 0.047502800822257996, 0.06247520074248314, 0.36532139778137207, 0.01147057581692934, 0.918454647064209, 0.9215459823608398, 0.5250764489173889, 0.042770568281412125, 0.9836089015007019, 0.14792613685131073, 0.029167426750063896, 0.9972442388534546, 0.957716166973114, 0.0032750535756349564, 0.8971521854400635, 0.24371178448200226, 0.6029952168464661, 0.824884295463562, 0.3341829180717468, 0.8788347840309143, 0.026607586070895195, 0.37637051939964294, 0.018360162153840065, 0.18635548651218414, 0.7258339524269104, 0.36848703026771545]
AUC is: 0.8521008403361344
