y_true: [1, 0, 0, 0, 0, 1, 0, 1, 0, 0, 1, 0, 0, 1, 1, 0, 0, 1, 0, 0, 0, 0, 0, 1, 0, 0, 0, 0, 0, 1, 0, 1, 0, 1, 0, 0, 0, 0, 0, 0, 0, 0, 0, 0, 0, 0, 0, 0, 1, 0, 1, 1, 1, 0, 1, 0, 0, 0, 0, 0, 1, 0, 0, 1]
y_score: [0.8767754435539246, 0.0043933214619755745, 0.1747693419456482, 0.1740834265947342, 0.6203012466430664, 0.6013997197151184, 0.10478294640779495, 0.7954947352409363, 0.0039361887611448765, 0.23754408955574036, 0.6010019779205322, 0.39169126749038696, 0.21305043995380402, 0.6614955067634583, 0.895518958568573, 0.43145686388015747, 0.2355939894914627, 0.8045153021812439, 0.2026362121105194, 0.2156805843114853, 0.2397477775812149, 0.3087373971939087, 0.15151773393154144, 0.8366192579269409, 0.2364433854818344, 0.025592483580112457, 0.7422665357589722, 0.5008304715156555, 0.02671593613922596, 0.8042674660682678, 0.002764677396044135, 0.8880246877670288, 0.024790067225694656, 0.8401845693588257, 0.4740912616252899, 0.03211295232176781, 0.3367731273174286, 0.3032439053058624, 0.03165489807724953, 0.5680199861526489, 0.20984812080860138, 0.07612673938274384, 0.7209048867225647, 0.38646239042282104, 0.5189588665962219, 0.18081749975681305, 0.4408969581127167, 0.2668352425098419, 0.6602870225906372, 0.5540408492088318, 0.9297481179237366, 0.4477207064628601, 0.5286054015159607, 0.13001491129398346, 0.8755530118942261, 0.42121872305870056, 0.21164505183696747, 0.08451751619577408, 0.6456640362739563, 0.15654106438159943, 0.9169754385948181, 0.006352533586323261, 0.0002877082151826471, 0.8080508708953857]
AUC is: 0.9673913043478262
y_true: [1, 0, 0, 1, 1, 1, 0, 0, 1, 1, 0, 1, 0, 0, 0, 0, 1, 0, 0, 1, 0, 1, 0, 0, 0, 0, 1, 1, 0, 1, 0, 1, 1, 0, 1, 1, 0, 0, 0, 1, 0, 0, 0, 1, 0, 1, 1, 0, 0, 1, 0, 0, 0, 0, 1, 1, 0, 0, 0, 0, 1, 0, 1, 1]
y_score: [0.7851533889770508, 0.21479642391204834, 0.7583523392677307, 0.6280812621116638, 0.9298302531242371, 0.8028215169906616, 0.13749034702777863, 0.001837217714637518, 0.8386882543563843, 0.6142587065696716, 0.4413197338581085, 0.9171963334083557, 0.5982428193092346, 0.16027185320854187, 0.13974058628082275, 0.08424343913793564, 0.4551693797111511, 0.33706822991371155, 0.271831750869751, 0.8637698292732239, 0.026804380118846893, 0.8078557848930359, 0.21429641544818878, 0.1736217886209488, 0.8431397080421448, 0.12023704499006271, 0.6541531085968018, 0.5900009870529175, 0.0063369181007146835, 0.7377439737319946, 0.1647855043411255, 0.3477383255958557, 0.8103621602058411, 0.5511239767074585, 0.6326779127120972, 0.7769065499305725, 0.3223075568675995, 0.4365340769290924, 0.13644520938396454, 0.47845542430877686, 0.7302054166793823, 0.6741631031036377, 0.22025761008262634, 0.8459008932113647, 0.1246289387345314, 0.7237905263900757, 0.35530248284339905, 0.034833867102861404, 0.7020520567893982, 0.8875323534011841, 0.5483133792877197, 0.16571472585201263, 0.08086825907230377, 0.3015254735946655, 0.7447885870933533, 0.7607503533363342, 0.05387954041361809, 0.15769164264202118, 0.2637211084365845, 0.13609957695007324, 0.8898621797561646, 0.12891271710395813, 0.7635632753372192, 0.77048259973526]
AUC is: 0.9219219219219219
y_true: [0, 0, 0, 1, 1, 0, 0, 0, 0, 0, 0, 0, 0, 0, 0, 0, 0, 0, 0, 0, 0, 0, 1, 0, 0, 0, 1, 1, 1, 1, 0, 0, 1, 1, 0, 0, 0, 0, 1, 0, 0, 0, 0, 0, 0, 0, 0, 1, 0, 0, 1, 0, 0, 1, 0, 1, 0, 0, 0, 0, 0, 1, 0, 0]
y_score: [0.008535933680832386, 0.04482445493340492, 0.24305956065654755, 0.5801912546157837, 0.5229353904724121, 0.4785349667072296, 0.360076904296875, 0.2973732650279999, 0.08989559859037399, 0.2211497575044632, 0.00567073468118906, 0.24628916382789612, 0.47588157653808594, 0.020334312692284584, 0.4867134690284729, 0.25670793652534485, 0.25357678532600403, 0.2660834789276123, 0.17932060360908508, 0.21035613119602203, 0.4541802704334259, 0.37462684512138367, 0.7482994198799133, 0.004677696153521538, 0.30303335189819336, 0.03466702625155449, 0.6261405348777771, 0.5817347168922424, 0.6831899285316467, 0.5669417977333069, 0.5340498685836792, 0.0028082490898668766, 0.4040451645851135, 0.41380026936531067, 0.009310330264270306, 0.15662653744220734, 0.22335144877433777, 0.0433376245200634, 0.7681871056556702, 0.10216584801673889, 0.5471421480178833, 0.07811751961708069, 0.4329105317592621, 0.026052258908748627, 0.013057476840913296, 0.0582771971821785, 0.45268604159355164, 0.8247709274291992, 0.5194640755653381, 0.004797988571226597, 0.7736058235168457, 0.3661811649799347, 0.6648423671722412, 0.8001527786254883, 0.664231538772583, 0.7596750259399414, 0.12546667456626892, 0.13618089258670807, 0.15303665399551392, 0.785414457321167, 0.31501007080078125, 0.8903374671936035, 0.021341314539313316, 0.3690452575683594]
AUC is: 0.9374149659863945
y_true: [1, 0, 1, 0, 1, 0, 0, 1, 1, 1, 1, 0, 0, 0, 0, 1, 1, 1, 0, 0, 0, 0, 0, 0, 0, 1, 0, 1, 1, 0, 1, 0, 0, 1, 0, 1, 1, 1, 1, 1, 0, 0, 0, 1, 1, 0, 1, 0, 0, 1, 1, 0, 1, 0, 0, 0, 0, 1, 0, 1, 0, 0, 0, 0]
y_score: [0.907532811164856, 0.002206056611612439, 0.8525425791740417, 0.2786615490913391, 0.8186654448509216, 0.03133133053779602, 0.11310223489999771, 0.5532158017158508, 0.9267473816871643, 0.8316828608512878, 0.6839974522590637, 0.0106959892436862, 0.015288432128727436, 0.21747280657291412, 0.36913803219795227, 0.49934592843055725, 0.6755719780921936, 0.7722482085227966, 0.09919169545173645, 0.41809210181236267, 0.006798119749873877, 0.04634776711463928, 0.2574675381183624, 0.023975666612386703, 0.6224371790885925, 0.6175873279571533, 0.2805614769458771, 0.8867632150650024, 0.8585219979286194, 0.04496306553483009, 0.4444376230239868, 0.001989632612094283, 0.3558143675327301, 0.6921184062957764, 0.59156334400177, 0.9023628830909729, 0.8842030763626099, 0.6747298240661621, 0.44672471284866333, 0.28345102071762085, 0.16681748628616333, 0.31485074758529663, 0.03450526297092438, 0.8104910254478455, 0.8535604476928711, 0.34968301653862, 0.894751250743866, 0.051690198481082916, 0.01832169108092785, 0.5730220675468445, 0.7878032922744751, 0.6225875020027161, 0.6287998557090759, 0.0045761289075016975, 0.11286778748035431, 0.445178747177124, 0.4412198066711426, 0.52208411693573, 0.0043572187423706055, 0.7361463308334351, 0.03297273814678192, 0.16595882177352905, 0.570378303527832, 0.006205675192177296]
AUC is: 0.9632936507936508
y_true: [0, 0, 1, 0, 1, 0, 0, 0, 0, 1, 0, 0, 0, 0, 0, 0, 1, 0, 0, 0, 0, 1, 0, 1, 0, 0, 0, 0, 0, 1, 0, 0, 0, 0, 1, 1, 1, 0, 0, 0, 0, 1, 0, 0, 0, 0, 0, 0, 1, 0, 1, 1, 0, 0, 0, 0, 0, 0, 0, 0, 0, 0, 1, 0]
y_score: [0.110796719789505, 0.01668628305196762, 0.46288710832595825, 0.18137799203395844, 0.8033875226974487, 0.5292982459068298, 0.7047715187072754, 0.021704338490962982, 0.007718777284026146, 0.7525640726089478, 0.4894093871116638, 0.02947264350950718, 0.25896769762039185, 0.029618320986628532, 0.07903130352497101, 0.20539136230945587, 0.7673477530479431, 0.10706707090139389, 0.44673967361450195, 0.01501095574349165, 0.33729225397109985, 0.7597498297691345, 0.813880205154419, 0.7329287528991699, 0.24630241096019745, 0.559184193611145, 0.42043256759643555, 0.012227844446897507, 0.041038475930690765, 0.8728272914886475, 0.015836317092180252, 0.5928878784179688, 0.05454982817173004, 0.10568627715110779, 0.6047976613044739, 0.8869027495384216, 0.36615803837776184, 0.02083015814423561, 0.09480622410774231, 0.31762707233428955, 0.019804924726486206, 0.4854982793331146, 0.6361213326454163, 0.6316287517547607, 0.8514466881752014, 0.5305800437927246, 0.09092903137207031, 0.36855587363243103, 0.5592758655548096, 0.5674693584442139, 0.7164188027381897, 0.6340202689170837, 0.39776697754859924, 0.17783792316913605, 0.6030145883560181, 0.007630248554050922, 0.6271387338638306, 0.2215462625026703, 0.2642250061035156, 0.43411093950271606, 0.12426187843084335, 0.14947931468486786, 0.8847082257270813, 0.014562532305717468]
AUC is: 0.8979591836734695
y_true: [0, 1, 1, 0, 0, 0, 0, 0, 0, 1, 0, 0, 0, 1, 0, 1, 0, 1, 0, 0, 0, 0, 0, 0, 1, 0, 1, 0, 0, 0, 0, 0, 1, 1, 0, 1, 1, 1, 1, 0, 0, 0, 1, 0, 0, 0, 1, 0, 1, 1, 0, 0, 1, 1, 1, 0, 1, 0, 0, 0, 0, 0, 0, 0]
y_score: [0.02230602689087391, 0.8047813773155212, 0.7142385244369507, 0.4259558618068695, 0.4505150318145752, 0.2664835453033447, 0.02179744467139244, 0.8272015452384949, 0.7152626514434814, 0.8261501789093018, 0.045145634561777115, 0.24366186559200287, 0.17171773314476013, 0.8106852173805237, 0.09597647190093994, 0.6789122819900513, 0.08888989686965942, 0.6189866662025452, 0.3255960941314697, 0.025307055562734604, 0.31551221013069153, 0.2622452676296234, 0.040671586990356445, 0.005336862523108721, 0.7470916509628296, 0.04659774899482727, 0.6880804300308228, 0.18712076544761658, 0.5200799703598022, 0.2974652945995331, 0.13210614025592804, 0.014975239522755146, 0.893298327922821, 0.8253567218780518, 0.8642374277114868, 0.948492705821991, 0.5127264261245728, 0.8480165004730225, 0.7424357533454895, 0.010012013837695122, 0.3523504436016083, 0.002536454703658819, 0.7897492051124573, 0.003975946456193924, 0.007645072881132364, 0.29228752851486206, 0.6900896430015564, 0.17762459814548492, 0.6922120451927185, 0.6303249001502991, 0.25458967685699463, 0.496707558631897, 0.6138644218444824, 0.8517330288887024, 0.7570914626121521, 0.36091747879981995, 0.8874523639678955, 0.22163896262645721, 0.07123976945877075, 0.12328774482011795, 0.5503020286560059, 0.5040331482887268, 0.27921727299690247, 0.18370920419692993]
AUC is: 0.949134199134199
y_true: [0, 0, 1, 0, 0, 0, 0, 0, 1, 0, 0, 1, 0, 0, 0, 0, 0, 0, 1, 1, 0, 1, 0, 1, 1, 0, 1, 0, 0, 0, 1, 1, 1, 0, 0, 0, 1, 1, 1, 0, 0, 0, 0, 1, 1, 1, 0, 0, 0, 0, 1, 0, 0, 0, 0, 0, 0, 1, 0, 0, 0, 0, 0, 0]
y_score: [0.1570485234260559, 0.32137206196784973, 0.6727499961853027, 0.3002324104309082, 0.23919765651226044, 0.34825924038887024, 0.014374693855643272, 0.00885801948606968, 0.6720491051673889, 0.17787887156009674, 0.19911505281925201, 0.7954429984092712, 0.02435927465558052, 0.7757295966148376, 0.29007965326309204, 0.28841981291770935, 0.11262936890125275, 0.9069422483444214, 0.9115121364593506, 0.5794432759284973, 0.6886796355247498, 0.7747645378112793, 0.8226701021194458, 0.6025773286819458, 0.6240777969360352, 0.16811832785606384, 0.6890201568603516, 0.45263248682022095, 0.002345009008422494, 0.2245711386203766, 0.5819072127342224, 0.7594830393791199, 0.8873896598815918, 0.4962514042854309, 0.4543965756893158, 0.022120250388979912, 0.7595723867416382, 0.6081637144088745, 0.7527294754981995, 0.2249954789876938, 0.4198812246322632, 0.004559502936899662, 0.02687518112361431, 0.9232491850852966, 0.17930026352405548, 0.6064683198928833, 0.6348589062690735, 0.4185076355934143, 0.1307692676782608, 0.2600875794887543, 0.6723647713661194, 0.2193012684583664, 0.001114550163038075, 0.10824768990278244, 0.5203576683998108, 0.16815140843391418, 0.46685534715652466, 0.8017278909683228, 0.5592007637023926, 0.00964362733066082, 0.016613774001598358, 0.12298483401536942, 0.3855248689651489, 0.04908221960067749]
AUC is: 0.9011363636363636
y_true: [0, 0, 0, 1, 1, 1, 0, 0, 0, 1, 0, 1, 0, 0, 0, 0, 0, 0, 1, 0, 0, 0, 1, 1, 0, 0, 0, 0, 0, 0, 1, 1, 0, 1, 1, 0, 0, 1, 1, 0, 1, 0, 1, 1, 0, 0, 0, 0, 0, 0, 0, 0]
y_score: [0.13707967102527618, 0.4700474739074707, 0.45216184854507446, 0.4361356496810913, 0.5846728682518005, 0.8877493143081665, 0.19630345702171326, 0.007712727412581444, 0.12318667769432068, 0.16855870187282562, 0.6967951059341431, 0.34299415349960327, 0.09977146238088608, 0.329762727022171, 0.10789176821708679, 0.12613444030284882, 0.1334330141544342, 0.05811705440282822, 0.30786657333374023, 0.03133949264883995, 0.7163992524147034, 0.3046354055404663, 0.33251500129699707, 0.6257795691490173, 0.4884333312511444, 0.11507442593574524, 0.017562314867973328, 0.012825286015868187, 0.5228363275527954, 0.0002222729381173849, 0.7121873497962952, 0.7115088105201721, 0.6156889200210571, 0.3394731879234314, 0.8443423509597778, 0.22003492712974548, 0.1257517784833908, 0.9286394119262695, 0.7149854302406311, 0.12362359464168549, 0.5657428503036499, 0.2372652292251587, 0.4524804651737213, 0.6511543989181519, 0.23918642103672028, 0.7317988276481628, 0.11072158068418503, 0.1403771936893463, 0.23514875769615173, 0.7560704946517944, 0.7950758337974548, 0.45692458748817444]
AUC is: 0.8016806722689076
