y_true: [1, 0, 0, 0, 0, 1, 0, 1, 0, 0, 1, 0, 0, 1, 1, 0, 0, 1, 0, 0, 0, 0, 0, 1, 0, 0, 0, 0, 0, 1, 0, 1, 0, 1, 0, 0, 0, 0, 0, 0, 0, 0, 0, 0, 0, 0, 0, 0, 1, 0, 1, 1, 1, 0, 1, 0, 0, 0, 0, 0, 1, 0, 0, 1]
y_score: [0.20346838235855103, 0.052498891949653625, 0.09490329027175903, 0.20272399485111237, 0.26930755376815796, 0.22736723721027374, 0.1030290424823761, 0.22927376627922058, 0.06145722046494484, 0.13880711793899536, 0.25098225474357605, 0.10980898886919022, 0.09542445093393326, 0.17614500224590302, 0.1712931990623474, 0.10574724525213242, 0.28133121132850647, 0.259211003780365, 0.1714888960123062, 0.16627945005893707, 0.15123260021209717, 0.26076340675354004, 0.07145963609218597, 0.2646290361881256, 0.2468288242816925, 0.07288366556167603, 0.12843187153339386, 0.10988868772983551, 0.11928588896989822, 0.13149487972259521, 0.05064525827765465, 0.1751832813024521, 0.09651952236890793, 0.2018292099237442, 0.26647305488586426, 0.15639996528625488, 0.13604208827018738, 0.1536809206008911, 0.11257913708686829, 0.23166988790035248, 0.19947083294391632, 0.17116492986679077, 0.09476186335086823, 0.16684690117835999, 0.15863989293575287, 0.11026418954133987, 0.1328086256980896, 0.20702847838401794, 0.22636567056179047, 0.2874998450279236, 0.21588709950447083, 0.10491947829723358, 0.22143882513046265, 0.10971444100141525, 0.14061886072158813, 0.29985225200653076, 0.13616769015789032, 0.19770340621471405, 0.09986814111471176, 0.08438955992460251, 0.18067273497581482, 0.05168544128537178, 0.03923290595412254, 0.1781686693429947]
AUC is: 0.7427536231884058
y_true: [1, 0, 0, 1, 1, 1, 0, 0, 1, 1, 0, 1, 0, 0, 0, 0, 1, 0, 0, 1, 0, 1, 0, 0, 0, 0, 1, 1, 0, 1, 0, 1, 1, 0, 1, 1, 0, 0, 0, 1, 0, 0, 0, 1, 0, 1, 1, 0, 0, 1, 0, 0, 0, 0, 1, 1, 0, 0, 0, 0, 1, 0, 1, 1]
y_score: [0.25366249680519104, 0.1268322616815567, 0.1541520208120346, 0.2711881101131439, 0.18793977797031403, 0.24765317142009735, 0.11410451680421829, 0.03658999875187874, 0.24855290353298187, 0.20134805142879486, 0.21909816563129425, 0.22623291611671448, 0.12222245335578918, 0.13616736233234406, 0.10106388479471207, 0.16900041699409485, 0.26086661219596863, 0.10197840631008148, 0.16031433641910553, 0.19605275988578796, 0.11082373559474945, 0.16006629168987274, 0.17796669900417328, 0.099337637424469, 0.15376806259155273, 0.20402324199676514, 0.168491929769516, 0.22413891553878784, 0.05521479994058609, 0.2700647711753845, 0.19936342537403107, 0.13099169731140137, 0.21440739929676056, 0.160305917263031, 0.2291250377893448, 0.17104120552539825, 0.2418205589056015, 0.3011222183704376, 0.2344915270805359, 0.2379014939069748, 0.12388189882040024, 0.08974546939134598, 0.2087552696466446, 0.24051152169704437, 0.15352268517017365, 0.30142730474472046, 0.19387157261371613, 0.06894281506538391, 0.17433947324752808, 0.15073055028915405, 0.15057523548603058, 0.12013278156518936, 0.10178310424089432, 0.08022958785295486, 0.10066381841897964, 0.1733853667974472, 0.0987190380692482, 0.1330963373184204, 0.2002294361591339, 0.2016104906797409, 0.25460851192474365, 0.09415164589881897, 0.17070811986923218, 0.17351482808589935]
AUC is: 0.8058058058058057
y_true: [0, 0, 0, 1, 1, 0, 0, 0, 0, 0, 0, 0, 0, 0, 0, 0, 0, 0, 0, 0, 0, 0, 1, 0, 0, 0, 1, 1, 1, 1, 0, 0, 1, 1, 0, 0, 0, 0, 1, 0, 0, 0, 0, 0, 0, 0, 0, 1, 0, 0, 1, 0, 0, 1, 0, 1, 0, 0, 0, 0, 0, 1, 0, 0]
y_score: [0.049124691635370255, 0.11378877609968185, 0.16913124918937683, 0.19028660655021667, 0.10826611518859863, 0.196208193898201, 0.12733694911003113, 0.15161046385765076, 0.15659566223621368, 0.12170854955911636, 0.06404250115156174, 0.2669636607170105, 0.2101742923259735, 0.1189497634768486, 0.09854684770107269, 0.22316016256809235, 0.17743872106075287, 0.08191778510808945, 0.1776125580072403, 0.21581700444221497, 0.2764378488063812, 0.2744514048099518, 0.13157691061496735, 0.04361741989850998, 0.12632885575294495, 0.08641648292541504, 0.2459258735179901, 0.17456704378128052, 0.1116802766919136, 0.12052129209041595, 0.2051943838596344, 0.05130239203572273, 0.1606055051088333, 0.1916130930185318, 0.050421569496393204, 0.08047303557395935, 0.08730188012123108, 0.10228412598371506, 0.21415896713733673, 0.08562196791172028, 0.2198076993227005, 0.13960877060890198, 0.28152185678482056, 0.06076083704829216, 0.05109940841794014, 0.08927098661661148, 0.15731364488601685, 0.2224743664264679, 0.12447470426559448, 0.06081874668598175, 0.25297632813453674, 0.26732319593429565, 0.22152923047542572, 0.20771974325180054, 0.16638332605361938, 0.2303212434053421, 0.10203004628419876, 0.08433512598276138, 0.17754046618938446, 0.23049594461917877, 0.14139124751091003, 0.2163139134645462, 0.06291896849870682, 0.07525905221700668]
AUC is: 0.6993197278911565
y_true: [1, 0, 1, 0, 1, 0, 0, 1, 1, 1, 1, 0, 0, 0, 0, 1, 1, 1, 0, 0, 0, 0, 0, 0, 0, 1, 0, 1, 1, 0, 1, 0, 0, 1, 0, 1, 1, 1, 1, 1, 0, 0, 0, 1, 1, 0, 1, 0, 0, 1, 1, 0, 1, 0, 0, 0, 0, 1, 0, 1, 0, 0, 0, 0]
y_score: [0.19177551567554474, 0.04250328987836838, 0.18153199553489685, 0.26271703839302063, 0.26015332341194153, 0.09450124949216843, 0.12179924547672272, 0.11073874682188034, 0.19896632432937622, 0.19556824862957, 0.19511504471302032, 0.05590398609638214, 0.10101199895143509, 0.23498761653900146, 0.10985046625137329, 0.11391705274581909, 0.15971998870372772, 0.21138708293437958, 0.10678032040596008, 0.15269505977630615, 0.051127489656209946, 0.16996437311172485, 0.18121138215065002, 0.10906437039375305, 0.21858461201190948, 0.24752750992774963, 0.15472601354122162, 0.23689411580562592, 0.1948087513446808, 0.0792519673705101, 0.16566939651966095, 0.038868024945259094, 0.11832011491060257, 0.1640593260526657, 0.1541701704263687, 0.2741672694683075, 0.2537912428379059, 0.232960507273674, 0.12331444770097733, 0.09341791272163391, 0.10272463411092758, 0.08733616769313812, 0.08189553022384644, 0.18292053043842316, 0.1519162356853485, 0.21836674213409424, 0.18571896851062775, 0.060163550078868866, 0.0779164507985115, 0.21401934325695038, 0.1810075044631958, 0.21409139037132263, 0.16241058707237244, 0.05016527324914932, 0.137455016374588, 0.22664333879947662, 0.15013837814331055, 0.18696461617946625, 0.05285750329494476, 0.16463568806648254, 0.06419667601585388, 0.10117198526859283, 0.2456790953874588, 0.05339588224887848]
AUC is: 0.7827380952380952
y_true: [0, 0, 1, 0, 1, 0, 0, 0, 0, 1, 0, 0, 0, 0, 0, 0, 1, 0, 0, 0, 0, 1, 0, 1, 0, 0, 0, 0, 0, 1, 0, 0, 0, 0, 1, 1, 1, 0, 0, 0, 0, 1, 0, 0, 0, 0, 0, 0, 1, 0, 1, 1, 0, 0, 0, 0, 0, 0, 0, 0, 0, 0, 1, 0]
y_score: [0.08440707623958588, 0.06476990133523941, 0.1318887323141098, 0.2350073605775833, 0.1185009628534317, 0.15022161602973938, 0.2590824365615845, 0.06578820943832397, 0.0740797221660614, 0.19788597524166107, 0.24672538042068481, 0.08571581542491913, 0.12012074887752533, 0.0568230003118515, 0.09426961839199066, 0.08658023178577423, 0.14412987232208252, 0.19195260107517242, 0.2636316418647766, 0.051079582422971725, 0.0835256576538086, 0.24681225419044495, 0.16442637145519257, 0.2637591063976288, 0.09252031147480011, 0.1786581128835678, 0.2627688944339752, 0.09333445131778717, 0.0817108079791069, 0.22020910680294037, 0.07716012001037598, 0.12321548163890839, 0.09692420810461044, 0.10235866904258728, 0.15810707211494446, 0.20342528820037842, 0.08540879935026169, 0.10564545542001724, 0.12442164868116379, 0.219161719083786, 0.06881643086671829, 0.1830323487520218, 0.14467108249664307, 0.16559062898159027, 0.17912091314792633, 0.10412748903036118, 0.06759548932313919, 0.10519234091043472, 0.1966148316860199, 0.12783712148666382, 0.28522640466690063, 0.20673047006130219, 0.23451365530490875, 0.15111993253231049, 0.11354762315750122, 0.08781139552593231, 0.11781352758407593, 0.14861688017845154, 0.15391723811626434, 0.11422247439622879, 0.15106011927127838, 0.12940721213817596, 0.21044863760471344, 0.05732562765479088]
AUC is: 0.782312925170068
y_true: [0, 1, 1, 0, 0, 0, 0, 0, 0, 1, 0, 0, 0, 1, 0, 1, 0, 1, 0, 0, 0, 0, 0, 0, 1, 0, 1, 0, 0, 0, 0, 0, 1, 1, 0, 1, 1, 1, 1, 0, 0, 0, 1, 0, 0, 0, 1, 0, 1, 1, 0, 0, 1, 1, 1, 0, 1, 0, 0, 0, 0, 0, 0, 0]
y_score: [0.07419572025537491, 0.1379593014717102, 0.1734100878238678, 0.13694672286510468, 0.29212507605552673, 0.2518356144428253, 0.08710885047912598, 0.17213933169841766, 0.11203716695308685, 0.2293071150779724, 0.09945709258317947, 0.166129931807518, 0.10532383620738983, 0.27964723110198975, 0.05989367887377739, 0.13509611785411835, 0.18081475794315338, 0.24047794938087463, 0.1015339121222496, 0.08178041130304337, 0.11579687893390656, 0.2503950297832489, 0.1588963270187378, 0.06609854102134705, 0.1691707819700241, 0.07140803337097168, 0.20413871109485626, 0.10490007698535919, 0.1609201431274414, 0.08589354902505875, 0.07058265805244446, 0.06954660266637802, 0.28156331181526184, 0.23203112185001373, 0.11899691075086594, 0.22477015852928162, 0.23838955163955688, 0.28861090540885925, 0.2699516713619232, 0.06834635883569717, 0.27565816044807434, 0.059159521013498306, 0.25334349274635315, 0.04522915929555893, 0.0694727674126625, 0.17403581738471985, 0.263534277677536, 0.18351629376411438, 0.1598261147737503, 0.1541297435760498, 0.23548543453216553, 0.2475513219833374, 0.2243453413248062, 0.1997133195400238, 0.19853940606117249, 0.07257122546434402, 0.23694200813770294, 0.20208556950092316, 0.06165824085474014, 0.12660004198551178, 0.10234369337558746, 0.20965176820755005, 0.10192754119634628, 0.15396824479103088]
AUC is: 0.8311688311688312
y_true: [0, 0, 1, 0, 0, 0, 0, 0, 1, 0, 0, 1, 0, 0, 0, 0, 0, 0, 1, 1, 0, 1, 0, 1, 1, 0, 1, 0, 0, 0, 1, 1, 1, 0, 0, 0, 1, 1, 1, 0, 0, 0, 0, 1, 1, 1, 0, 0, 0, 0, 1, 0, 0, 0, 0, 0, 0, 1, 0, 0, 0, 0, 0, 0]
y_score: [0.10465812683105469, 0.19988656044006348, 0.17218613624572754, 0.06760769337415695, 0.10749737918376923, 0.07283574342727661, 0.07978137582540512, 0.05526522919535637, 0.1852765530347824, 0.13315710425376892, 0.17751601338386536, 0.19076646864414215, 0.07177454978227615, 0.26831087470054626, 0.12699148058891296, 0.06930400431156158, 0.09731683135032654, 0.1486898511648178, 0.1530410498380661, 0.16261601448059082, 0.10242290794849396, 0.13022789359092712, 0.11785583198070526, 0.1469230353832245, 0.2730870246887207, 0.13452090322971344, 0.16082210838794708, 0.17096468806266785, 0.056548431515693665, 0.14162664115428925, 0.1388571858406067, 0.23311229050159454, 0.19781415164470673, 0.281223863363266, 0.27205073833465576, 0.09528777748346329, 0.22457347810268402, 0.2661761939525604, 0.2636766731739044, 0.1356774866580963, 0.15724997222423553, 0.062054626643657684, 0.047216594219207764, 0.1896558403968811, 0.08824563026428223, 0.21361574530601501, 0.26067060232162476, 0.15874315798282623, 0.23306389153003693, 0.07446804642677307, 0.10615536570549011, 0.11822813749313354, 0.03185781091451645, 0.07702160626649857, 0.16013535857200623, 0.14131201803684235, 0.1265314519405365, 0.13534925878047943, 0.28787314891815186, 0.07115829735994339, 0.038918495178222656, 0.09553612768650055, 0.1896696388721466, 0.10663871467113495]
AUC is: 0.7500000000000001
y_true: [0, 0, 0, 1, 1, 1, 0, 0, 0, 1, 0, 1, 0, 0, 0, 0, 0, 0, 1, 0, 0, 0, 1, 1, 0, 0, 0, 0, 0, 0, 1, 1, 0, 1, 1, 0, 0, 1, 1, 0, 1, 0, 1, 1, 0, 0, 0, 0, 0, 0, 0, 0]
y_score: [0.16212153434753418, 0.1329401433467865, 0.28964468836784363, 0.18617497384548187, 0.2767997682094574, 0.2253119796514511, 0.08308982849121094, 0.06974904239177704, 0.08251474797725677, 0.06236916407942772, 0.1467762142419815, 0.2108297049999237, 0.11496374011039734, 0.1854085773229599, 0.15211431682109833, 0.13594794273376465, 0.18150046467781067, 0.08674152940511703, 0.20393610000610352, 0.0612175427377224, 0.11897648870944977, 0.2154124230146408, 0.2319253832101822, 0.17124547064304352, 0.24944756925106049, 0.1366913616657257, 0.08001335710287094, 0.07505076378583908, 0.13973203301429749, 0.029165396466851234, 0.22238105535507202, 0.1888737976551056, 0.14100368320941925, 0.1126684844493866, 0.2332686334848404, 0.23918657004833221, 0.1547803431749344, 0.21842136979103088, 0.25253283977508545, 0.09934167563915253, 0.259137898683548, 0.09345502406358719, 0.19321885704994202, 0.18163885176181793, 0.11136680096387863, 0.2962796986103058, 0.21105347573757172, 0.11694936454296112, 0.159531831741333, 0.15484243631362915, 0.13936544954776764, 0.24927285313606262]
AUC is: 0.7647058823529411
