y_true: [1, 0, 0, 0, 0, 1, 0, 1, 0, 0, 1, 0, 0, 1, 1, 0, 0, 1, 0, 0, 0, 0, 0, 1, 0, 0, 0, 0, 0, 1, 0, 1, 0, 1, 0, 0, 0, 0, 0, 0, 0, 0, 0, 0, 0, 0, 0, 0, 1, 0, 1, 1, 1, 0, 1, 0, 0, 0, 0, 0, 1, 0, 0, 1]
y_score: [0.982194721698761, 0.0011161784641444683, 0.07932792603969574, 0.04430554062128067, 0.5207329392433167, 0.46830320358276367, 0.01249025296419859, 0.9692047834396362, 0.0008736294694244862, 0.16387709975242615, 0.7978391051292419, 0.3065982162952423, 0.10343614965677261, 0.6999374032020569, 0.9751695990562439, 0.32675784826278687, 0.08502224832773209, 0.9797058701515198, 0.017312685027718544, 0.05697119981050491, 0.0769689679145813, 0.13308246433734894, 0.06622464209794998, 0.9728825688362122, 0.04760734736919403, 0.00743047334253788, 0.382106751203537, 0.09395182132720947, 0.0033596958965063095, 0.8559267520904541, 0.0008721751510165632, 0.9744893312454224, 0.014504319056868553, 0.9142569899559021, 0.3469569683074951, 0.011177164502441883, 0.057169947773218155, 0.21229109168052673, 0.0042810081504285336, 0.3969067633152008, 0.06000838428735733, 0.017157355323433876, 0.31956419348716736, 0.1054287701845169, 0.37855151295661926, 0.0321514718234539, 0.527616560459137, 0.030578430742025375, 0.7668143510818481, 0.6437386274337769, 0.9899370670318604, 0.539526641368866, 0.4047167897224426, 0.03334227576851845, 0.9570977091789246, 0.29148203134536743, 0.14639845490455627, 0.015919946134090424, 0.24998940527439117, 0.038584716618061066, 0.9794349670410156, 0.0014736104058101773, 0.00011911113688256592, 0.92337965965271]
AUC is: 0.9915458937198068
y_true: [1, 0, 0, 1, 1, 1, 0, 0, 1, 1, 0, 1, 0, 0, 0, 0, 1, 0, 0, 1, 0, 1, 0, 0, 0, 0, 1, 1, 0, 1, 0, 1, 1, 0, 1, 1, 0, 0, 0, 1, 0, 0, 0, 1, 0, 1, 1, 0, 0, 1, 0, 0, 0, 0, 1, 1, 0, 0, 0, 0, 1, 0, 1, 1]
y_score: [0.9144362211227417, 0.05469641834497452, 0.81067955493927, 0.9231536984443665, 0.9909759163856506, 0.959392786026001, 0.047726210206747055, 0.00019699952099472284, 0.978749692440033, 0.574813187122345, 0.12436473369598389, 0.9950993657112122, 0.24347946047782898, 0.009995397180318832, 0.03211897239089012, 0.012974134646356106, 0.5880554914474487, 0.1084236279129982, 0.13732969760894775, 0.9693296551704407, 0.006730794906616211, 0.8845174908638, 0.06645217537879944, 0.11499649286270142, 0.8010332584381104, 0.01746085286140442, 0.4782107174396515, 0.6447139978408813, 0.001315794768743217, 0.8910804390907288, 0.06718534976243973, 0.515558123588562, 0.953193187713623, 0.30956360697746277, 0.8588159084320068, 0.8274726867675781, 0.21302522718906403, 0.3119569718837738, 0.013920820318162441, 0.6264788508415222, 0.7598403096199036, 0.6190404891967773, 0.11976543813943863, 0.9618517160415649, 0.037034690380096436, 0.9350175261497498, 0.4252772033214569, 0.0016934825107455254, 0.4463563561439514, 0.9808043837547302, 0.3198135793209076, 0.04126901552081108, 0.021298537030816078, 0.1742645800113678, 0.8296933770179749, 0.9157409071922302, 0.0680321753025055, 0.015489430166780949, 0.16882522404193878, 0.051209934055805206, 0.9853073358535767, 0.01786341518163681, 0.8480595350265503, 0.9369170665740967]
AUC is: 0.972972972972973
y_true: [0, 0, 0, 1, 1, 0, 0, 0, 0, 0, 0, 0, 0, 0, 0, 0, 0, 0, 0, 0, 0, 0, 1, 0, 0, 0, 1, 1, 1, 1, 0, 0, 1, 1, 0, 0, 0, 0, 1, 0, 0, 0, 0, 0, 0, 0, 0, 1, 0, 0, 1, 0, 0, 1, 0, 1, 0, 0, 0, 0, 0, 1, 0, 0]
y_score: [0.0008246994693763554, 0.037119850516319275, 0.13563944399356842, 0.6099550127983093, 0.4878140091896057, 0.27213266491889954, 0.20725519955158234, 0.10017763078212738, 0.0073648476973176, 0.22386972606182098, 0.0008066259906627238, 0.10506472736597061, 0.3059183657169342, 0.003692428581416607, 0.31504175066947937, 0.03541452810168266, 0.04491489380598068, 0.20766176283359528, 0.11811830848455429, 0.14743952453136444, 0.26341769099235535, 0.16328708827495575, 0.7135801911354065, 0.002122972859069705, 0.09119841456413269, 0.01878928579390049, 0.759469211101532, 0.6856047511100769, 0.8847584128379822, 0.7012366056442261, 0.3163345456123352, 0.00021961575839668512, 0.5001325607299805, 0.47934508323669434, 0.0022341436706483364, 0.1268002688884735, 0.09763973951339722, 0.007883169688284397, 0.8268240690231323, 0.04035263881087303, 0.31347426772117615, 0.02336176112294197, 0.2688538432121277, 0.0060807098634541035, 0.0019001074833795428, 0.008036358281970024, 0.09707377851009369, 0.9617497324943542, 0.4466955363750458, 0.0007325982442125678, 0.8250733017921448, 0.10574525594711304, 0.718676745891571, 0.8578076362609863, 0.4080960750579834, 0.9207575917243958, 0.06172537803649902, 0.016432566568255424, 0.04597827047109604, 0.8760737180709839, 0.14405928552150726, 0.9830614924430847, 0.0025303990114480257, 0.1663168966770172]
AUC is: 0.9755102040816326
y_true: [1, 0, 1, 0, 1, 0, 0, 1, 1, 1, 1, 0, 0, 0, 0, 1, 1, 1, 0, 0, 0, 0, 0, 0, 0, 1, 0, 1, 1, 0, 1, 0, 0, 1, 0, 1, 1, 1, 1, 1, 0, 0, 0, 1, 1, 0, 1, 0, 0, 1, 1, 0, 1, 0, 0, 0, 0, 1, 0, 1, 0, 0, 0, 0]
y_score: [0.9863249659538269, 0.0008026205468922853, 0.9294296503067017, 0.17407387495040894, 0.9688597917556763, 0.0032832787837833166, 0.05191592499613762, 0.5248326659202576, 0.9941834807395935, 0.9432418346405029, 0.7692748308181763, 0.00043234950862824917, 0.0020153019577264786, 0.06186892092227936, 0.3222275376319885, 0.5498669147491455, 0.8651206493377686, 0.8419967889785767, 0.0070778070949018, 0.3356556296348572, 0.002042048377916217, 0.013064217753708363, 0.0677829459309578, 0.006897801533341408, 0.5741057991981506, 0.7696934342384338, 0.20918773114681244, 0.9842533469200134, 0.9390252232551575, 0.030939074233174324, 0.40098315477371216, 0.00010864487558137625, 0.2562403082847595, 0.8530598282814026, 0.617626428604126, 0.9921839833259583, 0.9909708499908447, 0.7779009342193604, 0.6049656271934509, 0.3506525456905365, 0.025716137140989304, 0.1275831162929535, 0.008590891025960445, 0.954502284526825, 0.9025177359580994, 0.09953492134809494, 0.9801768064498901, 0.018210213631391525, 0.004635542165488005, 0.7086408138275146, 0.8956456184387207, 0.6014662981033325, 0.6373891830444336, 0.00015116549911908805, 0.025801999494433403, 0.16225630044937134, 0.11856688559055328, 0.2560029923915863, 0.0015496377600356936, 0.8229592442512512, 0.004055669531226158, 0.09594275057315826, 0.4160940945148468, 0.0002540001296438277]
AUC is: 0.9781746031746033
y_true: [0, 0, 1, 0, 1, 0, 0, 0, 0, 1, 0, 0, 0, 0, 0, 0, 1, 0, 0, 0, 0, 1, 0, 1, 0, 0, 0, 0, 0, 1, 0, 0, 0, 0, 1, 1, 1, 0, 0, 0, 0, 1, 0, 0, 0, 0, 0, 0, 1, 0, 1, 1, 0, 0, 0, 0, 0, 0, 0, 0, 0, 0, 1, 0]
y_score: [0.022954976186156273, 0.01387750543653965, 0.5237806439399719, 0.09216421097517014, 0.7637503743171692, 0.4213374853134155, 0.8282837867736816, 0.010894697159528732, 0.0011934497160837054, 0.8905795812606812, 0.3671029806137085, 0.002579338848590851, 0.03254495561122894, 0.019452525302767754, 0.09217989444732666, 0.039218951016664505, 0.8828023076057434, 0.03834575042128563, 0.6092169284820557, 0.0015309054870158434, 0.09265024960041046, 0.9595620036125183, 0.9308313131332397, 0.9138996601104736, 0.07926284521818161, 0.45552876591682434, 0.3199280798435211, 0.001919577713124454, 0.013143698684871197, 0.9761055111885071, 0.00447741849347949, 0.6713990569114685, 0.0113466652110219, 0.031007658690214157, 0.6725038290023804, 0.9677585959434509, 0.5416173338890076, 0.003904829965904355, 0.03390253707766533, 0.12452349066734314, 0.002003923524171114, 0.2788136899471283, 0.4983818531036377, 0.4212224781513214, 0.9145921468734741, 0.50571209192276, 0.04703221470117569, 0.15283142030239105, 0.7801842093467712, 0.3922240138053894, 0.9207655787467957, 0.7983578443527222, 0.05883840471506119, 0.012567944824695587, 0.6012583374977112, 0.0007067543338052928, 0.38697656989097595, 0.2837650775909424, 0.13127611577510834, 0.3127129375934601, 0.02467186376452446, 0.08433309197425842, 0.9791854023933411, 0.0010742376325652003]
AUC is: 0.9346938775510205
y_true: [0, 1, 1, 0, 0, 0, 0, 0, 0, 1, 0, 0, 0, 1, 0, 1, 0, 1, 0, 0, 0, 0, 0, 0, 1, 0, 1, 0, 0, 0, 0, 0, 1, 1, 0, 1, 1, 1, 1, 0, 0, 0, 1, 0, 0, 0, 1, 0, 1, 1, 0, 0, 1, 1, 1, 0, 1, 0, 0, 0, 0, 0, 0, 0]
y_score: [0.005231279879808426, 0.93149334192276, 0.8616207838058472, 0.0972161740064621, 0.3959777355194092, 0.07377427816390991, 0.019554544240236282, 0.8116899728775024, 0.37654101848602295, 0.9575150012969971, 0.004085913300514221, 0.1524064987897873, 0.05772671476006508, 0.9664496183395386, 0.018565215170383453, 0.8346214294433594, 0.014302843250334263, 0.8140060901641846, 0.3012542426586151, 0.0012933936668559909, 0.19652585685253143, 0.03747067600488663, 0.009718634188175201, 0.001292839297093451, 0.8650197982788086, 0.013045575469732285, 0.671502947807312, 0.21331271529197693, 0.2080344408750534, 0.3433530628681183, 0.01091713272035122, 0.0050669461488723755, 0.9924890995025635, 0.9706144332885742, 0.8370991945266724, 0.9961467981338501, 0.533013105392456, 0.9843350648880005, 0.9242439270019531, 0.001565100741572678, 0.27355319261550903, 0.00043335798545740545, 0.9356951713562012, 0.00012683478416875005, 0.003004842670634389, 0.11164402216672897, 0.9175129532814026, 0.08171643316745758, 0.8164202570915222, 0.7845908403396606, 0.03083210252225399, 0.4365856349468231, 0.8319636583328247, 0.9747565984725952, 0.9280098080635071, 0.13352932035923004, 0.9882802963256836, 0.06877906620502472, 0.022075694054365158, 0.13993175327777863, 0.07778771966695786, 0.5372822880744934, 0.5796683430671692, 0.1188032254576683]
AUC is: 0.987012987012987
y_true: [0, 0, 1, 0, 0, 0, 0, 0, 1, 0, 0, 1, 0, 0, 0, 0, 0, 0, 1, 1, 0, 1, 0, 1, 1, 0, 1, 0, 0, 0, 1, 1, 1, 0, 0, 0, 1, 1, 1, 0, 0, 0, 0, 1, 1, 1, 0, 0, 0, 0, 1, 0, 0, 0, 0, 0, 0, 1, 0, 0, 0, 0, 0, 0]
y_score: [0.08627425134181976, 0.5104469060897827, 0.8614987730979919, 0.10731858015060425, 0.06501039862632751, 0.05245668813586235, 0.007132678292691708, 0.0012300304370000958, 0.6752204298973083, 0.1880236715078354, 0.08011208474636078, 0.9639042615890503, 0.015884721651673317, 0.9124622941017151, 0.015428495593369007, 0.07469876855611801, 0.007089314050972462, 0.9828872084617615, 0.9836187958717346, 0.7971108555793762, 0.5895166397094727, 0.8393797278404236, 0.6910945773124695, 0.8132362961769104, 0.892159104347229, 0.02211119793355465, 0.8691362142562866, 0.20898328721523285, 0.00020889715233352035, 0.07456192374229431, 0.6189153790473938, 0.9153998494148254, 0.9708027839660645, 0.6248831152915955, 0.2347688376903534, 0.007739067077636719, 0.8074888586997986, 0.7894869446754456, 0.9665161371231079, 0.06660429388284683, 0.335127592086792, 0.003043314442038536, 0.0032691864762455225, 0.991807758808136, 0.07643268257379532, 0.6813738942146301, 0.7403011322021484, 0.6425735950469971, 0.07270703464746475, 0.05266519635915756, 0.5883632302284241, 0.08027476072311401, 0.00014216873387340456, 0.04037293419241905, 0.47218695282936096, 0.06867020577192307, 0.523533284664154, 0.8847334384918213, 0.8050649166107178, 0.0010934361489489675, 0.0004166368453297764, 0.07110582292079926, 0.34854456782341003, 0.003979853354394436]
AUC is: 0.921590909090909
y_true: [0, 0, 0, 1, 1, 1, 0, 0, 0, 1, 0, 1, 0, 0, 0, 0, 0, 0, 1, 0, 0, 0, 1, 1, 0, 0, 0, 0, 0, 0, 1, 1, 0, 1, 1, 0, 0, 1, 1, 0, 1, 0, 1, 1, 0, 0, 0, 0, 0, 0, 0, 0]
y_score: [0.024561146274209023, 0.200792595744133, 0.4513958692550659, 0.677765429019928, 0.7581679821014404, 0.9681175351142883, 0.02214745804667473, 0.0035468770656734705, 0.018760288134217262, 0.2615088224411011, 0.5911014676094055, 0.4175923764705658, 0.01407557725906372, 0.24115611612796783, 0.03037453629076481, 0.018046719953417778, 0.024199984967708588, 0.014809935353696346, 0.5400052070617676, 0.0015811783960089087, 0.7531030178070068, 0.09476342052221298, 0.22933414578437805, 0.6742993593215942, 0.10650262236595154, 0.05446970462799072, 0.007478418760001659, 0.01273691188544035, 0.1539948284626007, 1.0784437108668499e-05, 0.8759552240371704, 0.8178069591522217, 0.6092756986618042, 0.10138995945453644, 0.9640395045280457, 0.12520241737365723, 0.012116849422454834, 0.9925819635391235, 0.9273051023483276, 0.006592398975044489, 0.823138952255249, 0.08968713879585266, 0.5119588971138, 0.8461228013038635, 0.11400169134140015, 0.9143038392066956, 0.05953009054064751, 0.04328044131398201, 0.05310207977890968, 0.31474676728248596, 0.8540381789207458, 0.3893684446811676]
AUC is: 0.8957983193277311
